21	0
21	0
22	0
21	0
21	0
21	0
22	0
21	0
21	0
22	0
22	0
21	0
22	0
22	0
22	0
21	0
22	0
21	0
21	0
22	0
21	0
21	0
22	0
22	0
21	0
22	0
22	0
22	0
22	0
21	0
22	0
21	0
21	0
21	0
21	0
21	0
21	0
21	0
21	0
22	0
21	0
21	0
21	0
22	0
22	0
21	0
21	0
21	0
21	0
21	0
22	0
22	0
21	0
22	0
22	0
21	0
21	0
22	0
21	0
22	0
22	0
21	0
21	0
21	0
21	0
22	0
21	0
22	0
21	0
22	0
22	0
22	0
21	0
22	0
21	0
22	0
21	0
22	0
22	0
21	0
21	0
22	0
21	0
21	0
22	0
21	0
22	0
22	0
21	0
22	0
21	0
21	0
21	0
21	0
20	0
21	0
21	0
21	0
21	0
21	0
22	0
22	0
21	0
21	0
21	0
22	0
21	0
22	0
22	0
22	0
22	0
22	0
20	0
21	0
21	0
22	0
21	0
22	0
22	0
22	0
22	0
21	0
22	0
21	0
22	0
22	0
21	0
22	0
21	0
22	0
22	0
21	0
22	0
22	0
21	0
21	0
21	0
21	0
22	0
21	0
22	0
21	0
22	0
22	0
21	0
22	0
21	0
22	0
22	0
22	0
22	0
21	0
22	0
21	0
22	0
21	0
22	0
22	0
22	0
21	0
21	0
22	0
21	0
22	0
21	0
21	0
22	0
21	0
22	0
21	0
21	0
22	0
22	0
21	0
21	0
21	0
22	0
21	0
21	0
21	0
21	0
22	0
21	0
22	0
22	0
21	0
21	0
22	0
21	0
21	0
21	0
22	0
22	0
22	0
22	0
21	0
21	0
21	0
21	0
21	0
21	0
21	0
21	0
22	0
21	0
22	0
21	0
22	0
21	0
22	0
21	0
22	0
22	0
21	0
21	0
22	0
21	0
21	0
22	0
21	0
22	0
22	0
21	0
21	0
21	0
21	0
21	0
21	0
21	0
22	0
21	0
21	0
21	0
21	0
22	0
22	0
22	0
21	0
21	0
22	0
22	0
21	0
21	0
22	0
21	0
21	0
21	0
21	0
22	0
21	0
22	0
22	0
22	0
22	0
21	0
22	0
21	0
21	0
21	0
21	0
22	0
21	0
22	0
22	0
21	0
21	0
21	0
21	0
22	0
22	0
22	0
22	0
22	0
21	0
22	0
21	0
21	0
21	0
21	0
21	0
21	0
22	0
21	0
21	0
22	0
21	0
21	0
22	0
22	0
21	0
22	0
21	0
21	0
21	0
21	0
21	0
21	0
21	0
21	0
21	0
22	0
21	0
21	0
22	0
21	0
21	0
22	0
21	0
22	0
21	0
22	0
21	0
22	0
21	0
22	0
22	0
21	0
21	0
22	0
22	0
21	0
21	0
22	0
21	0
22	0
22	0
21	0
22	0
21	0
21	0
21	0
21	0
21	0
21	0
22	0
22	0
21	0
21	0
21	0
21	0
21	0
21	0
21	0
22	0
21	0
22	0
21	0
21	0
21	0
21	0
22	0
21	0
21	0
21	0
22	0
21	0
22	0
21	0
22	0
22	0
22	0
22	0
22	0
21	0
22	0
22	0
21	0
21	0
22	0
22	0
22	0
21	0
21	0
22	0
21	0
21	0
21	0
21	0
21	0
22	0
22	0
21	0
21	0
21	0
21	0
21	0
21	0
21	0
21	0
21	0
21	0
22	0
22	0
21	0
22	0
21	1
21	1
21	1
21	1
22	1
21	1
21	1
22	1
22	1
21	1
22	1
21	1
22	1
21	1
21	1
22	1
21	1
22	1
21	1
21	1
22	1
21	1
21	1
21	1
21	1
21	1
22	1
21	1
21	1
21	1
21	1
21	1
21	1
21	1
21	1
22	1
21	1
21	1
21	1
21	1
21	2
21	2
21	2
21	2
22	2
21	2
22	2
21	2
21	2
22	3
22	3
21	3
22	3
21	3
22	3
21	3
22	3
22	3
21	3
22	4
22	4
22	4
21	4
21	4
22	4
21	4
21	4
21	4
22	4
21	5
21	5
22	5
22	5
22	5
21	5
21	5
21	5
21	6
21	6
22	6
21	6
21	6
21	6
21	6
21	6
22	6
21	7
21	7
21	7
22	7
21	7
21	7
21	7
22	7
21	8
21	8
21	8
21	8
21	8
21	8
21	8
22	8
21	8
21	8
21	8
21	9
21	9
21	9
21	9
22	9
21	9
21	9
22	9
21	9
21	9
22	9
21	9
21	9
21	9
21	9
21	9
21	9
21	9
21	9
22	9
21	9
22	9
21	9
21	9
22	9
21	10
21	10
22	10
21	10
22	10
21	10
21	10
21	10
21	10
21	10
21	10
22	10
21	10
21	11
21	11
21	11
21	11
22	11
21	11
21	11
22	11
22	11
21	12
21	12
21	12
21	12
21	12
21	12
21	12
21	12
21	12
21	13
21	13
21	13
22	13
22	13
21	13
21	13
22	13
22	13
21	13
21	13
21	13
21	13
22	13
21	13
21	13
22	13
21	13
22	14
22	14
21	14
21	14
22	14
21	14
21	14
22	14
21	14
21	14
21	14
21	14
21	14
21	14
21	14
21	14
22	14
21	14
21	14
22	14
21	14
21	14
21	14
22	14
22	14
21	14
21	14
21	14
21	14
21	14
21	14
22	14
21	14
21	14
21	14
21	14
21	14
21	14
21	14
22	14
21	14
21	14
21	14
21	14
21	14
22	14
21	14
21	14
22	14
21	14
21	14
21	14
21	14
21	14
21	14
21	14
22	14
21	14
22	14
21	14
21	14
21	14
21	14
22	14
21	14
21	14
21	14
22	14
21	14
21	14
22	14
21	14
22	14
22	14
21	14
22	14
21	14
22	14
21	14
22	15
22	15
22	15
22	15
21	15
21	15
22	16
22	16
21	16
21	16
22	16
21	17
22	17
22	17
21	17
22	17
22	17
22	17
22	17
22	17
22	18
22	18
22	18
21	18
22	18
22	18
21	18
22	18
21	18
21	18
21	18
22	18
21	18
21	18
22	18
21	18
22	18
22	18
22	18
22	18
21	18
22	18
21	18
22	18
22	18
21	18
22	18
21	18
21	19
22	19
22	19
21	19
22	19
22	19
21	19
22	19
22	19
22	19
22	19
21	19
21	19
22	19
22	19
22	19
22	19
22	19
22	20
22	20
22	20
22	20
22	20
22	20
22	20
22	20
22	20
22	20
22	20
22	20
22	20
22	20
22	21
22	21
22	21
22	21
22	21
22	21
22	21
22	22
22	22
22	22
22	22
22	22
22	22
22	22
22	22
22	22
22	22
22	22
22	22
22	23
22	23
22	23
22	23
22	23
22	23
22	23
22	23
22	23
22	23
22	23
22	23
22	23
22	23
22	23
22	23
22	23
22	23
22	23
22	24
22	24
22	24
22	24
22	24
22	24
22	24
22	24
22	24
22	24
22	24
22	24
22	24
22	24
22	24
22	24
22	24
22	24
22	24
22	25
22	25
22	25
22	25
22	25
22	25
22	25
22	25
22	25
22	25
22	25
22	25
23	25
22	25
22	25
22	25
23	25
23	25
22	25
22	25
23	25
22	25
23	25
22	25
23	25
22	25
22	25
22	25
22	25
22	25
22	25
22	25
23	25
23	26
22	26
22	26
22	26
22	26
22	26
22	26
22	26
22	26
22	26
22	26
22	26
22	26
22	26
22	26
22	26
22	26
22	27
23	27
23	27
23	27
23	27
22	27
23	27
23	27
22	27
23	28
22	28
23	28
23	28
22	28
23	28
23	28
23	28
23	28
23	29
23	29
23	29
23	29
23	29
23	29
22	29
23	29
23	29
23	29
23	29
23	29
23	29
23	29
23	29
23	29
23	29
23	29
23	29
23	30
23	30
23	30
23	30
23	30
23	30
23	30
23	30
23	30
23	30
23	30
23	30
23	30
23	30
23	30
23	30
23	30
23	30
23	30
23	30
23	30
23	30
23	30
23	30
23	30
23	30
23	30
23	30
23	30
24	30
23	30
23	30
24	30
24	30
24	31
24	31
24	31
23	31
23	31
24	31
23	31
23	31
23	31
23	31
23	31
24	31
23	31
23	31
23	31
23	31
23	31
23	31
24	31
23	31
23	31
23	31
23	31
24	31
24	31
25	31
24	32
23	32
24	32
24	32
23	32
24	32
24	32
24	32
24	32
24	32
24	32
24	32
23	32
25	32
23	32
24	32
24	32
24	32
23	32
24	32
24	32
24	32
24	32
24	32
24	32
24	32
24	32
24	32
24	32
24	32
24	32
24	32
23	32
24	32
23	32
24	32
23	32
24	33
24	33
24	33
24	33
24	33
25	33
24	33
23	33
23	33
24	33
24	33
24	33
23	33
24	33
24	33
24	33
24	34
24	34
25	34
25	34
27	34
27	34
24	34
24	34
24	34
24	34
25	34
26	34
25	34
25	34
24	34
25	34
24	34
25	34
26	34
24	34
24	34
25	34
27	34
26	34
25	34
26	35
25	35
27	35
27	35
27	35
26	35
27	35
27	35
25	35
28	35
27	35
26	35
28	35
27	35
27	35
27	35
61	35
59	35
60	35
54	35
57	35
55	35
60	35
59	35
61	35
58	35
54	35
60	35
44	36
60	36
28	36
60	36
62	36
59	36
56	36
57	36
60	36
58	36
45	36
43	36
43	36
59	36
57	36
60	36
58	36
60	36
58	36
47	36
57	36
60	36
61	36
60	36
59	37
60	37
59	37
61	37
60	37
63	37
58	37
59	37
59	37
59	37
60	37
59	37
60	37
59	37
62	38
60	38
61	38
62	38
59	38
60	38
59	38
61	38
28	38
58	38
59	38
59	38
60	38
59	38
28	38
61	38
29	38
58	38
61	39
27	39
59	39
59	39
59	39
28	39
27	39
27	39
28	39
29	39
59	39
59	39
29	39
28	39
58	39
29	39
56	39
59	39
57	39
27	39
28	39
27	39
59	39
59	39
27	39
57	39
27	39
27	39
59	39
26	39
27	39
26	39
26	40
26	40
59	40
26	40
26	40
26	40
26	40
58	40
26	40
26	40
26	40
26	40
26	40
26	40
26	40
28	40
28	40
29	40
26	40
26	41
26	41
26	41
27	41
28	41
28	41
26	41
27	41
28	41
27	41
28	41
28	41
27	41
28	41
28	41
27	41
27	42
26	42
27	42
27	42
26	42
26	42
27	42
27	42
26	42
26	42
26	42
26	42
26	42
26	42
26	42
26	42
26	42
27	42
29	43
28	43
29	43
29	43
29	43
28	43
28	43
29	43
28	43
28	43
29	43
29	43
28	43
28	43
28	43
28	43
28	43
28	43
29	43
59	43
28	43
59	43
61	44
28	44
60	44
59	44
60	44
51	44
60	44
59	44
52	44
59	44
60	44
60	44
60	44
60	44
61	44
60	44
51	44
59	44
60	44
60	44
61	44
61	44
61	44
61	44
60	44
60	44
59	44
60	44
60	44
61	44
60	44
60	44
60	44
60	44
60	44
52	44
61	44
60	44
60	44
60	44
60	44
60	44
60	44
60	44
60	44
52	44
60	45
60	45
60	45
60	45
60	45
60	45
52	45
59	45
59	45
60	45
61	45
60	45
51	45
61	45
61	45
60	45
60	45
60	45
61	45
61	45
59	45
60	45
60	44
60	44
53	44
54	44
54	44
61	44
60	44
60	44
51	44
60	44
59	44
51	44
59	44
61	44
61	44
61	44
60	44
61	44
60	44
60	44
60	44
60	44
61	44
61	44
52	44
60	44
60	44
60	44
51	44
61	44
60	44
60	44
61	44
60	44
61	44
60	45
61	45
60	45
60	45
59	45
60	45
52	45
59	45
60	45
60	45
61	45
61	45
60	45
52	45
60	45
52	45
59	45
60	45
60	45
51	45
59	45
59	45
59	45
61	45
60	45
53	45
60	45
60	45
61	45
61	45
62	45
61	45
60	45
52	45
59	45
61	45
60	45
53	45
59	45
61	45
61	45
60	45
60	45
60	45
60	45
52	45
59	45
52	45
59	45
53	45
60	45
60	45
50	45
59	45
51	45
60	45
51	45
61	45
60	45
59	45
60	45
59	45
51	45
61	45
60	45
59	45
51	45
60	45
52	45
59	45
61	45
60	45
52	45
60	45
61	45
60	45
59	45
52	45
59	45
61	45
60	45
51	46
53	45
60	45
52	46
51	46
59	46
52	46
52	46
58	46
60	46
59	46
51	46
52	46
52	46
52	46
53	46
53	46
52	46
53	46
51	46
59	46
50	46
59	46
52	46
60	46
52	46
59	46
52	46
58	46
53	46
58	46
53	46
60	46
60	46
60	46
60	46
60	46
59	46
52	46
60	46
52	46
58	46
53	46
59	46
59	46
52	46
58	46
52	46
51	46
59	46
51	46
51	46
52	46
52	46
50	46
58	46
52	46
52	46
51	46
50	46
59	46
58	46
59	46
59	46
60	46
52	46
52	46
59	46
52	46
52	46
52	46
50	46
59	46
53	46
59	46
51	46
52	46
53	46
52	46
51	47
58	47
59	47
59	47
59	47
52	47
50	47
53	47
50	47
51	47
52	47
50	47
52	47
52	47
52	47
53	47
49	47
55	47
56	47
46	47
56	47
47	47
59	47
54	47
54	47
51	47
49	47
50	47
50	47
53	47
50	48
52	48
52	48
49	48
53	48
52	48
48	48
51	48
55	48
45	48
51	48
57	48
46	48
51	48
45	48
52	48
52	48
56	48
49	48
46	48
52	48
58	48
53	48
47	48
59	48
55	48
50	49
51	49
49	49
53	49
52	49
49	49
52	49
49	49
51	49
51	49
50	49
49	49
51	49
57	49
45	49
54	49
44	49
54	49
50	49
59	49
47	49
53	49
46	49
52	49
46	49
54	49
45	49
59	49
45	49
54	49
44	49
49	49
53	49
48	49
52	49
46	49
51	49
54	49
55	49
44	49
50	49
53	49
44	49
51	49
51	49
53	49
54	49
45	50
50	50
45	50
51	50
52	50
49	50
54	50
45	50
52	50
54	50
53	50
53	50
45	50
51	50
54	50
45	50
51	50
51	50
50	50
50	50
49	50
45	50
50	50
46	50
46	50
45	50
50	50
50	50
51	50
45	50
46	50
50	50
46	50
45	50
45	50
51	50
47	50
46	50
44	50
50	50
47	50
45	50
44	50
51	50
48	51
45	51
45	51
44	51
51	51
51	51
45	51
52	51
44	51
45	51
52	51
45	51
45	51
44	51
45	51
45	51
44	51
50	51
45	51
46	51
53	51
45	51
53	51
47	51
46	51
47	51
45	51
46	51
44	51
44	51
47	51
53	51
47	51
53	51
44	51
45	51
44	51
45	51
44	51
45	51
44	51
44	51
44	51
44	51
44	51
46	51
45	51
45	51
45	51
44	51
46	51
47	51
46	51
45	51
45	51
45	51
45	51
45	51
46	51
47	51
46	51
47	51
44	51
47	51
44	51
44	51
44	51
43	51
46	51
44	51
44	51
44	51
44	51
44	51
44	51
43	51
44	51
44	51
44	51
44	51
44	51
44	51
44	51
44	51
44	51
44	51
43	51
44	51
44	51
44	51
44	51
44	51
44	51
44	51
44	51
44	51
44	51
44	51
44	51
44	51
44	51
44	51
44	51
44	51
44	51
44	51
43	51
44	51
44	51
43	51
44	51
44	51
44	51
44	51
44	51
44	51
44	51
44	51
44	51
44	51
44	51
44	51
44	51
44	51
44	51
44	51
44	51
44	51
44	51
44	51
44	51
44	51
44	51
44	51
45	51
45	51
45	51
45	51
45	51
45	51
44	51
45	51
44	51
44	51
44	51
44	51
44	51
43	51
43	51
43	51
44	51
44	51
44	51
44	51
44	51
44	51
43	51
44	51
44	51
43	51
44	51
44	51
44	51
44	51
44	51
43	52
43	52
43	52
43	52
43	52
43	52
43	52
44	52
44	52
43	52
43	52
43	52
43	52
44	52
44	52
43	52
44	52
43	52
44	52
44	52
43	52
43	52
43	52
43	52
43	52
44	52
44	52
44	52
43	52
44	52
45	52
44	52
44	52
44	52
44	52
44	52
44	52
44	52
44	52
43	52
44	52
43	52
44	52
43	52
43	52
43	52
43	52
43	52
43	52
43	52
43	52
44	52
44	52
45	52
43	52
43	53
44	53
43	53
43	53
43	53
44	53
44	53
44	53
42	53
42	54
43	54
43	54
44	54
44	54
44	54
43	54
43	54
43	54
43	54
43	55
42	55
42	55
42	55
42	55
43	55
43	55
43	55
43	55
43	55
43	55
43	55
43	55
42	55
42	55
43	55
42	55
42	55
43	55
42	55
42	55
42	55
43	55
42	55
42	55
43	55
43	55
42	55
43	55
43	55
43	55
42	55
42	55
43	55
43	55
43	55
43	55
43	55
43	55
42	55
42	55
42	55
43	55
42	55
42	55
42	55
42	55
43	55
43	55
43	55
43	55
42	55
43	55
42	55
43	55
42	55
43	55
42	55
42	55
43	55
42	55
42	55
42	55
42	55
42	55
43	55
43	55
43	55
42	55
42	55
43	55
42	55
43	55
42	55
42	55
43	55
42	55
43	55
42	55
42	55
43	55
43	55
42	55
43	55
43	55
44	55
43	55
42	55
43	55
42	55
43	55
43	55
42	55
42	55
43	55
43	55
42	55
42	55
42	55
42	55
43	55
42	55
43	55
43	55
42	55
43	55
42	55
42	55
43	55
42	55
42	55
43	55
42	55
43	55
43	55
42	55
43	55
42	55
43	55
42	55
42	55
43	55
42	55
43	55
42	55
43	55
42	55
42	55
42	55
43	55
43	55
42	55
42	55
43	55
43	55
42	55
43	55
42	55
42	55
42	55
43	55
43	55
42	55
43	55
43	55
42	55
43	55
43	55
43	55
42	55
43	55
42	55
42	55
42	55
43	55
43	55
43	55
43	55
42	55
43	55
43	55
42	55
42	55
42	55
43	55
43	55
43	55
43	55
43	55
43	55
42	55
42	55
42	55
42	55
42	55
42	56
43	56
43	56
43	56
42	56
43	56
43	56
43	56
43	56
42	56
42	56
42	56
43	56
42	56
42	57
42	57
42	57
42	57
42	57
42	57
42	57
42	57
42	57
42	57
42	58
42	58
42	58
42	58
42	58
42	58
42	58
42	58
42	58
42	58
42	58
42	58
41	58
41	58
42	58
42	58
42	58
42	58
42	58
42	58
42	58
41	58
42	58
42	58
42	59
41	59
41	59
42	59
42	59
41	59
41	59
42	59
41	59
42	59
42	59
42	59
42	59
42	59
42	59
42	59
41	59
42	59
41	59
42	59
42	59
42	59
42	59
41	59
42	59
42	59
41	59
42	59
42	59
42	59
42	59
42	59
41	59
42	59
41	59
41	59
41	59
42	59
42	59
41	59
41	59
42	59
42	59
42	59
42	59
42	60
41	60
42	60
42	60
42	60
42	60
42	60
41	60
42	60
41	60
42	60
42	60
41	60
41	60
41	60
41	60
42	60
42	60
41	60
42	60
42	60
41	60
41	60
41	60
41	60
41	60
42	60
42	60
42	60
41	60
42	60
42	60
41	60
41	60
41	60
42	60
41	60
42	60
42	60
42	60
41	60
42	61
41	61
41	61
41	61
42	61
42	61
41	61
41	61
42	61
41	61
41	61
42	61
42	61
41	61
41	61
41	61
41	61
42	61
41	61
41	61
42	61
42	61
41	61
41	61
42	61
41	61
41	61
41	61
42	61
42	61
42	61
42	61
41	61
42	61
41	61
41	61
41	61
41	61
41	61
42	61
41	61
42	61
42	61
41	61
41	61
41	61
42	61
42	61
42	61
41	61
42	61
41	61
41	61
42	61
42	61
42	61
42	61
42	61
42	61
42	61
42	61
42	61
42	61
41	61
41	61
41	61
41	61
41	61
41	61
42	61
42	61
41	61
42	61
41	61
42	61
42	61
41	61
42	61
42	61
42	61
42	61
41	61
41	61
42	61
42	61
42	61
41	61
41	61
41	61
41	61
41	61
41	61
41	61
41	61
41	61
41	61
42	61
41	61
41	61
41	61
41	61
41	61
41	61
41	61
42	61
41	60
42	60
41	60
41	60
41	60
41	60
42	60
41	60
41	60
41	60
41	60
41	60
41	60
41	60
42	60
41	60
41	60
41	60
41	60
41	60
41	60
41	60
41	60
41	60
42	60
41	60
41	60
42	60
41	60
42	60
41	60
41	60
41	60
41	60
41	60
41	60
41	60
41	60
41	60
41	60
41	60
41	60
41	60
42	60
41	60
42	60
41	60
42	60
42	60
41	60
41	60
42	60
42	60
41	60
42	60
41	60
41	60
41	60
41	60
41	61
42	61
42	61
41	61
42	61
41	61
41	61
41	61
41	61
41	61
41	61
41	61
41	61
42	61
42	61
42	61
42	61
41	61
42	61
41	61
41	61
42	61
41	61
42	61
41	61
41	61
41	61
42	61
41	61
42	61
41	61
41	61
41	61
41	61
41	61
42	61
42	61
41	61
40	61
41	61
41	61
41	61
41	61
41	61
41	61
41	61
42	61
41	61
41	61
42	61
41	61
41	61
41	61
41	61
41	61
41	61
41	61
41	61
41	61
41	61
41	61
42	61
42	61
41	61
41	61
41	61
42	61
41	61
41	61
42	61
41	61
42	61
42	61
41	61
41	61
41	61
41	61
41	61
42	61
41	61
41	61
41	61
41	61
41	61
41	61
41	61
41	61
42	61
40	61
42	61
41	61
41	61
41	61
42	61
41	61
41	61
41	61
41	61
41	61
41	61
41	61
41	61
41	61
41	61
42	61
40	61
42	61
40	61
42	61
41	61
41	61
41	61
41	61
41	61
41	61
41	61
41	61
41	61
41	61
41	61
41	61
41	61
41	62
42	62
41	62
42	62
41	62
41	62
42	62
41	62
42	62
41	62
41	62
41	62
41	62
41	62
41	62
41	62
41	62
41	62
41	62
41	62
41	62
41	62
41	62
40	62
41	62
41	62
41	62
41	62
40	62
41	62
41	62
41	63
41	63
41	63
41	63
41	63
40	63
41	63
41	63
41	63
41	63
41	63
41	63
41	63
40	63
41	64
40	64
41	64
41	64
40	64
41	64
41	64
40	64
41	64
41	64
41	65
40	65
41	65
40	65
40	65
41	65
40	65
40	65
40	65
40	65
41	65
41	65
41	65
41	65
41	65
40	65
40	65
41	66
40	66
40	66
40	66
40	66
41	66
40	66
40	66
41	66
41	66
40	66
40	66
40	66
40	66
41	66
40	66
40	66
41	66
40	66
40	66
40	66
40	66
40	66
41	66
40	66
40	66
40	66
40	66
40	66
40	66
40	66
40	66
40	66
40	66
41	66
40	66
40	66
41	66
40	66
40	66
40	66
40	66
41	66
41	66
41	66
40	66
41	66
41	67
41	67
41	67
41	67
41	67
41	67
41	67
41	67
40	67
41	67
40	67
41	67
41	67
40	67
41	67
41	67
41	67
41	67
40	67
40	67
40	67
40	67
40	67
41	67
41	67
40	67
40	67
40	67
40	67
40	67
40	67
41	67
41	67
41	67
41	67
41	67
41	67
40	67
41	67
40	67
40	67
41	67
40	67
41	67
40	67
40	67
40	67
41	67
40	67
40	67
40	67
40	67
40	67
41	67
40	67
41	68
41	68
40	68
40	68
40	68
41	68
41	68
41	68
41	68
40	68
41	68
40	68
41	68
40	68
40	68
40	68
41	68
41	68
41	68
40	68
41	68
40	68
41	68
40	68
41	68
40	68
41	68
40	68
40	68
40	68
41	68
40	68
40	68
40	68
40	68
41	68
40	68
40	68
40	68
40	68
41	68
40	68
40	68
40	68
40	68
41	68
40	68
40	68
41	68
40	68
40	68
41	69
41	69
40	69
40	69
40	69
40	69
40	69
41	69
40	69
40	69
40	69
40	69
40	69
40	69
40	70
41	70
41	70
40	70
40	70
41	70
40	70
40	70
41	70
41	70
40	70
40	71
40	71
40	71
40	71
40	71
41	71
41	71
41	71
41	71
40	71
40	71
41	71
41	71
41	71
41	71
41	71
40	71
41	71
40	71
40	71
41	71
40	71
41	71
40	71
41	71
40	71
41	71
40	71
40	71
40	71
41	71
41	71
41	71
40	71
40	71
40	71
40	71
41	71
41	71
41	71
41	71
41	71
40	71
40	71
41	71
40	71
40	71
40	71
41	71
40	71
40	71
40	71
40	71
40	71
41	71
40	71
40	71
41	71
40	71
40	71
40	71
41	71
40	71
40	71
40	71
40	71
40	71
40	71
40	71
41	71
40	71
40	71
40	71
41	71
40	71
41	71
41	71
40	71
40	71
40	71
40	72
41	72
40	72
40	72
40	72
41	72
40	72
41	72
40	72
40	72
40	72
41	72
40	72
40	72
40	72
40	72
40	72
40	72
40	72
40	72
40	72
40	72
40	72
40	72
40	72
40	72
40	72
40	72
41	72
40	72
41	72
40	72
41	72
41	72
40	72
41	73
40	73
41	73
40	73
40	73
40	73
40	73
40	73
41	73
40	73
40	73
40	73
40	73
40	73
40	73
40	73
40	73
40	73
40	73
41	73
41	73
41	73
41	73
40	73
40	73
40	73
40	73
41	73
40	73
40	73
40	73
41	74
40	74
41	74
40	74
40	74
40	74
40	74
40	74
40	74
40	74
40	74
40	74
40	74
40	74
40	74
40	74
40	74
41	74
40	74
40	74
40	74
41	74
40	74
40	74
40	74
40	74
40	74
40	74
40	74
41	74
40	74
40	74
40	74
40	74
40	74
40	74
40	74
40	74
40	74
40	74
40	74
40	74
40	74
40	74
40	74
40	74
40	74
40	74
40	74
40	74
41	74
40	74
41	74
41	74
40	74
40	74
40	74
40	74
40	74
40	74
40	74
40	74
40	74
40	74
40	74
40	75
40	75
40	75
40	75
40	75
40	75
40	75
40	75
40	75
40	75
40	75
40	75
40	75
40	75
40	75
40	75
40	75
40	75
40	75
40	75
40	75
40	75
40	75
40	75
40	76
40	76
40	76
40	76
40	76
40	76
40	76
40	76
40	76
41	76
40	76
41	76
40	76
40	76
40	76
40	76
40	76
40	76
40	76
40	76
40	76
40	76
40	76
40	76
40	76
40	76
41	76
40	76
40	76
39	76
40	76
39	76
40	76
40	76
40	76
40	76
40	76
40	76
40	76
41	76
40	76
41	76
40	76
40	76
40	76
41	76
40	76
40	76
40	76
41	76
40	76
40	76
40	76
40	76
40	76
41	76
40	76
40	76
40	76
40	76
40	76
40	76
41	76
40	76
40	76
40	76
40	76
40	76
40	76
40	76
40	76
40	76
41	76
40	76
40	76
40	76
40	76
40	76
41	76
40	76
40	76
40	76
40	76
40	76
40	76
41	76
40	76
41	76
40	76
40	76
40	76
41	76
40	76
41	76
40	76
40	76
40	76
40	76
40	76
40	76
40	76
40	76
40	76
40	76
40	76
40	76
40	76
40	76
40	76
40	76
40	76
40	76
40	76
40	76
40	76
40	76
40	76
40	76
40	76
40	76
40	76
40	76
40	76
40	76
40	76
40	76
40	76
40	76
41	76
40	76
40	76
40	76
40	76
40	76
41	76
41	76
40	76
40	76
40	76
40	76
40	76
40	76
40	76
40	76
40	76
40	76
40	76
40	76
40	76
40	76
40	76
40	76
40	76
40	76
40	76
40	76
40	76
40	76
40	76
40	76
40	76
40	76
40	76
40	76
40	76
40	76
40	76
40	76
40	76
40	76
40	76
40	76
40	76
40	76
40	76
40	76
40	76
40	76
40	76
40	76
40	76
40	76
40	76
40	76
40	76
40	76
40	76
40	76
40	76
40	76
40	76
40	76
40	76
40	76
40	76
40	76
40	76
40	76
40	76
40	76
40	76
40	76
40	76
40	76
40	76
40	76
40	76
40	76
41	76
40	76
40	76
40	76
41	76
40	76
40	76
40	76
40	76
40	76
41	76
40	76
40	76
40	76
41	76
40	76
40	76
41	76
40	76
40	76
40	76
40	76
40	76
41	76
41	76
40	76
40	76
40	76
40	76
40	76
40	76
40	76
40	76
41	76
40	76
40	76
40	76
39	76
40	76
41	76
40	76
40	76
40	76
41	76
40	77
40	77
41	77
40	77
40	77
40	77
40	77
40	77
40	77
40	77
41	77
40	77
40	77
41	77
40	77
40	77
41	77
40	77
40	77
40	77
41	77
40	77
40	77
40	77
41	77
40	77
41	77
40	77
40	77
40	77
40	77
40	77
40	78
40	78
40	78
41	78
40	78
40	78
41	78
40	78
40	78
40	78
40	78
40	78
40	78
40	78
40	78
41	78
40	78
40	78
40	78
40	78
41	78
41	78
40	78
41	78
40	79
40	79
41	79
40	79
41	79
41	79
40	79
40	79
40	79
40	79
40	79
40	79
40	79
40	79
40	79
40	80
41	80
41	80
41	80
41	80
41	80
41	80
41	80
41	80
40	80
41	80
40	80
41	80
40	80
40	80
41	81
41	81
41	81
41	81
41	81
41	81
41	81
41	81
41	81
41	82
41	82
41	82
40	82
41	82
41	82
41	83
41	83
41	83
41	83
41	83
41	83
41	84
41	84
41	84
41	84
41	84
41	84
41	84
41	84
41	85
41	85
41	85
40	85
40	85
41	85
41	85
41	85
41	85
41	85
41	85
40	85
41	85
40	85
41	85
41	85
41	85
41	85
41	85
41	85
41	85
41	85
41	85
41	85
41	85
41	85
41	85
41	85
41	85
41	85
41	85
41	85
41	85
41	85
41	85
41	85
40	85
41	85
41	85
41	85
41	85
41	85
41	85
41	85
40	85
40	85
41	85
41	85
40	85
40	85
40	85
41	85
41	85
41	85
41	85
40	85
40	85
41	85
41	85
41	85
41	85
41	85
40	85
41	85
41	85
41	85
40	85
41	85
40	85
41	85
41	85
41	85
41	85
41	85
41	85
41	85
41	85
40	85
41	85
41	86
41	86
41	86
41	86
41	86
41	86
41	86
41	86
40	86
41	86
41	86
41	86
41	86
41	86
41	86
41	86
41	86
41	86
41	86
41	86
41	86
41	86
41	86
41	86
41	86
41	86
41	86
41	86
41	86
41	86
41	86
41	86
41	86
41	86
41	86
40	86
40	86
41	86
41	86
41	86
41	86
41	86
41	86
41	86
40	86
41	86
41	87
41	87
41	87
41	87
41	87
41	87
41	87
41	87
41	87
41	87
41	87
41	87
41	87
41	87
41	87
41	87
41	87
41	87
41	87
41	87
41	87
41	87
41	87
41	87
41	87
41	87
41	87
41	87
41	87
41	87
41	87
41	87
41	87
41	87
41	87
41	87
41	87
41	87
41	87
41	87
41	87
41	88
41	88
41	88
41	88
41	88
41	88
41	88
41	88
41	88
41	88
41	88
41	88
41	88
41	88
41	88
41	88
41	88
41	88
41	88
41	88
41	88
41	88
41	88
41	88
41	88
41	88
41	88
41	88
41	88
41	88
41	88
41	88
41	88
41	88
41	88
41	88
41	88
41	88
41	88
41	88
41	88
41	88
41	88
41	88
41	88
41	88
41	89
41	89
41	89
41	89
41	89
41	89
41	89
41	89
41	89
41	89
41	89
41	89
41	89
41	89
41	89
41	89
41	89
41	89
41	89
42	89
41	89
41	89
41	89
42	89
41	89
41	89
41	89
41	90
41	90
42	90
41	90
41	90
41	90
41	90
40	90
41	90
41	90
41	90
41	90
41	90
41	90
42	90
41	90
41	90
41	90
42	90
42	90
42	90
41	90
42	90
41	91
41	91
41	91
42	91
42	91
42	91
41	91
41	91
42	91
41	91
41	91
42	91
41	91
42	91
41	91
41	91
41	91
42	91
41	91
41	91
40	91
42	91
41	91
42	91
41	91
41	91
41	91
41	91
41	91
41	91
41	91
41	92
41	92
42	92
41	92
40	92
42	92
41	92
41	92
41	92
42	92
42	92
42	92
42	92
41	92
41	92
41	92
41	92
41	92
42	92
41	92
41	92
41	92
41	92
41	92
41	92
42	92
41	92
41	92
41	92
41	92
41	92
41	92
40	92
42	92
41	92
42	92
41	93
41	93
40	93
41	93
42	93
41	93
42	93
42	93
42	93
42	93
41	93
41	94
41	94
41	94
41	94
42	94
42	94
41	94
41	94
42	94
42	94
42	94
42	94
42	94
42	94
42	94
41	94
43	94
42	94
43	94
42	94
42	94
43	94
41	94
42	94
41	94
41	94
42	94
41	94
42	95
42	95
41	95
42	95
42	95
42	95
41	95
41	95
41	95
43	95
41	95
41	95
42	95
43	95
41	95
41	95
41	95
42	95
41	95
41	95
41	95
42	95
42	95
41	95
41	95
42	95
41	95
41	95
41	95
41	95
41	95
41	95
41	95
41	95
41	95
41	95
41	95
42	95
41	95
41	95
41	95
42	95
41	95
42	95
42	95
42	95
41	95
41	95
41	95
41	95
42	95
41	95
41	95
41	95
41	95
41	95
41	95
41	95
41	95
42	95
42	95
41	95
42	95
41	95
41	95
41	95
41	95
41	95
41	95
41	95
41	95
41	95
41	95
42	95
41	95
43	95
41	95
41	95
42	95
41	95
41	95
43	95
41	95
42	95
42	95
41	95
42	95
43	95
42	95
43	95
41	95
40	95
42	95
41	95
41	95
41	95
43	95
43	95
42	95
41	95
41	95
42	95
41	95
42	95
42	95
41	95
41	95
43	95
42	95
41	95
42	95
42	95
41	95
41	95
41	95
41	95
41	95
41	95
42	95
42	95
41	95
41	95
43	95
41	95
41	95
41	95
41	95
43	95
42	95
42	95
41	95
43	95
42	95
42	95
40	95
41	95
43	95
41	95
40	95
42	95
41	95
41	95
41	95
41	95
41	95
41	95
41	95
41	95
41	95
42	95
41	95
42	95
41	95
41	95
41	95
41	95
42	95
42	95
41	95
40	95
41	95
41	95
42	95
43	95
43	95
41	95
43	95
41	96
42	96
41	96
42	96
42	96
40	96
41	96
42	96
41	96
43	97
43	97
42	97
41	97
42	98
43	98
41	98
41	98
42	99
41	99
41	99
42	99
45	99
44	100
43	100
41	100
41	100
44	100
41	100
42	100
41	100
41	100
42	100
41	100
41	100
41	100
42	101
41	101
41	101
41	101
41	101
41	101
41	101
42	101
45	101
43	101
41	101
41	101
42	101
45	101
43	101
41	101
41	101
41	101
41	101
42	101
41	101
43	101
41	101
42	101
42	101
42	101
43	101
44	101
41	101
42	101
45	101
44	102
45	102
44	102
44	102
42	102
45	102
41	102
43	103
43	103
42	103
43	103
43	103
41	103
46	104
44	104
45	104
43	104
42	104
41	104
43	104
46	104
43	104
46	104
43	104
46	104
45	104
45	104
45	104
44	104
45	104
44	104
43	104
43	104
45	104
44	104
43	104
45	104
44	104
46	104
44	104
46	104
43	104
46	104
43	104
41	104
46	104
45	104
45	104
46	104
44	104
45	104
46	104
45	104
46	104
44	104
43	104
42	104
43	104
43	104
42	104
41	104
42	104
42	104
46	104
45	104
45	104
45	104
43	104
45	104
43	104
44	104
43	104
45	104
43	104
46	104
43	104
44	104
45	104
43	104
44	104
45	104
44	104
45	104
44	104
44	104
46	104
45	104
46	104
46	104
43	104
43	104
45	104
46	104
42	104
45	104
42	104
42	104
41	104
42	104
46	104
45	104
45	104
42	104
46	104
42	104
46	104
45	104
45	104
46	104
43	104
46	104
44	104
43	104
43	104
41	104
42	104
46	104
43	104
46	104
45	104
46	104
44	104
43	104
41	104
42	104
46	104
43	104
46	104
45	104
44	104
45	104
44	104
44	104
45	104
45	104
46	104
44	104
45	104
45	104
43	104
44	104
44	104
45	104
43	104
43	104
46	104
45	104
43	104
46	104
46	104
44	104
45	104
44	104
46	104
46	104
44	104
44	104
45	104
45	104
44	104
45	104
45	104
45	104
43	104
44	104
45	104
46	104
45	104
46	104
44	104
44	104
44	104
44	104
44	104
45	104
46	104
43	104
44	104
45	104
45	104
45	104
46	104
42	104
46	104
42	104
46	104
43	104
46	104
43	104
45	104
46	104
44	104
46	104
43	104
45	104
44	104
43	104
45	104
45	104
46	104
46	104
44	104
42	104
42	104
44	104
46	104
45	104
43	104
45	104
46	104
46	104
42	104
42	104
46	104
46	104
42	104
41	104
44	104
45	104
43	104
45	104
42	104
46	104
46	104
46	104
46	104
42	104
42	104
42	104
43	104
46	104
46	104
43	104
45	104
46	104
44	104
43	104
45	104
44	104
44	104
46	104
45	104
43	104
43	104
43	104
45	104
45	104
44	104
46	104
45	104
45	104
46	104
45	104
43	104
45	104
42	104
46	104
46	105
44	105
46	105
43	105
46	105
47	105
47	105
43	105
47	106
43	106
42	106
46	106
47	106
47	106
44	106
43	106
43	106
41	106
42	106
47	106
43	106
46	106
47	106
44	106
44	106
47	106
47	106
47	106
47	106
45	106
43	106
47	106
47	106
47	106
47	106
47	106
47	106
44	106
42	106
46	106
43	106
41	106
43	106
47	106
47	106
47	106
47	106
44	107
47	107
47	107
47	107
45	107
47	107
47	107
47	107
47	107
47	107
47	107
47	107
47	107
47	107
47	107
47	107
47	107
47	107
43	107
43	107
44	107
47	107
47	107
43	107
43	107
43	107
47	107
47	107
46	107
47	108
47	108
47	108
47	108
44	108
46	108
47	108
47	108
47	108
47	108
47	109
44	109
43	109
40	109
47	109
44	109
40	109
44	109
41	109
42	109
41	109
41	109
42	109
40	109
43	109
47	110
46	110
38	110
43	110
40	110
41	110
42	110
40	110
42	110
41	110
46	110
37	110
45	110
38	110
46	110
38	110
43	110
46	110
47	110
47	111
46	111
46	111
46	111
46	111
46	111
47	111
47	111
46	111
46	111
46	111
46	111
46	111
46	111
45	112
46	112
46	112
45	112
46	112
47	112
46	112
46	112
46	112
46	112
46	112
46	112
46	112
46	113
44	113
43	113
47	113
47	113
45	113
46	113
44	113
38	113
45	113
47	113
46	113
46	114
46	114
46	114
38	114
42	114
39	114
43	114
40	114
42	114
40	114
41	114
41	114
42	114
47	114
46	114
47	114
46	114
46	114
46	115
47	115
47	115
46	115
47	115
47	115
47	115
46	115
47	115
45	115
46	115
47	115
46	115
46	115
47	115
47	115
46	115
46	115
46	115
47	116
47	116
46	116
47	116
47	116
47	116
47	116
46	116
46	116
47	116
47	116
46	116
47	116
46	117
47	117
47	117
47	117
47	117
46	117
47	117
47	117
46	117
46	117
46	117
46	117
47	117
47	117
47	117
47	118
47	118
47	118
47	118
46	118
47	118
47	118
47	118
47	118
47	118
47	118
47	118
47	118
47	118
46	118
46	118
47	118
47	118
47	118
46	118
46	118
47	118
47	118
47	118
47	118
47	118
47	118
47	118
46	118
47	118
47	118
47	118
47	118
47	118
47	118
47	118
47	118
47	118
47	118
47	118
47	118
47	119
47	119
47	119
47	119
47	119
47	119
47	119
47	119
47	119
47	119
47	119
47	119
47	119
47	119
47	119
47	119
47	119
47	119
47	119
47	119
47	120
47	120
47	120
47	120
47	120
46	120
47	120
47	120
47	120
47	120
47	120
47	120
47	120
47	120
47	120
47	120
48	120
47	120
47	120
47	120
47	120
47	120
48	120
48	120
47	120
47	120
48	120
48	120
48	120
48	120
47	121
48	121
47	121
48	121
48	121
47	121
48	121
48	121
48	121
47	121
48	121
48	121
47	121
47	122
47	122
48	122
48	122
49	122
47	123
48	123
47	123
48	123
49	123
47	123
48	123
48	123
47	123
48	123
47	123
48	123
48	123
47	123
48	123
48	123
47	123
49	123
48	123
47	123
49	123
48	123
48	123
47	124
48	124
47	124
47	124
49	124
48	124
49	124
48	124
48	124
48	124
49	124
48	124
48	125
48	125
48	125
48	125
50	125
48	125
51	125
48	125
51	125
49	125
50	125
50	125
51	125
51	125
50	125
49	125
48	125
49	125
48	125
48	125
49	125
49	125
51	125
51	125
50	125
48	125
49	125
51	125
48	126
47	126
48	126
48	126
50	126
48	126
48	126
47	126
48	126
47	127
48	127
49	127
47	127
49	127
49	127
47	127
48	127
48	128
48	128
51	128
49	128
55	128
52	128
50	128
20	128
20	128
51	128
20	128
53	128
21	128
21	128
22	128
54	128
21	129
21	129
54	129
55	129
78	129
48	129
47	129
48	129
20	129
20	129
20	129
55	129
55	129
20	129
55	129
20	129
20	129
54	129
20	129
49	129
20	129
20	129
49	129
20	129
19	129
20	129
20	129
20	129
19	129
20	129
20	129
20	129
20	129
20	129
20	129
20	129
20	129
20	129
20	129
20	129
20	129
20	129
21	129
20	129
21	129
21	129
21	129
19	129
21	129
21	129
20	129
21	129
22	129
20	129
21	129
19	129
20	129
21	129
20	129
19	129
19	129
20	129
20	129
20	129
21	129
19	129
19	129
19	129
19	129
21	130
20	130
19	130
19	130
20	130
19	130
19	130
19	130
19	130
20	130
19	130
19	130
20	130
20	130
19	130
19	130
19	130
19	130
20	130
20	130
20	130
20	130
20	130
19	130
20	130
20	130
20	130
19	130
20	130
20	130
20	130
20	130
20	130
20	130
20	130
19	130
20	130
20	130
20	130
20	130
20	130
19	130
19	130
19	130
19	130
19	130
19	130
19	130
19	130
20	131
20	131
20	131
19	131
19	131
19	131
19	131
19	131
20	132
18	132
18	132
18	132
19	132
19	132
18	133
18	133
18	133
18	133
19	133
18	133
18	133
18	134
18	134
18	134
18	134
18	134
18	134
18	134
18	134
18	134
18	135
18	135
18	135
18	135
18	135
18	135
18	135
18	135
18	135
18	135
18	135
18	135
18	135
18	135
18	135
19	135
18	135
18	135
18	135
18	135
18	135
18	135
18	135
18	135
19	135
18	135
18	135
18	135
18	135
18	135
18	135
18	135
18	135
18	135
18	135
18	135
18	135
18	135
18	135
18	135
18	135
18	135
18	135
18	135
18	135
18	135
18	135
18	135
18	135
18	135
18	135
18	135
18	135
18	135
18	135
18	135
18	135
18	135
18	135
18	135
18	135
18	135
18	135
18	135
18	135
18	135
18	135
18	135
18	135
18	135
18	135
18	135
18	135
18	135
18	135
18	135
18	135
18	135
18	135
19	135
18	135
18	135
18	135
18	135
18	135
18	135
18	135
18	135
18	135
18	136
18	136
18	136
18	136
18	136
18	136
18	136
18	136
18	136
18	136
18	136
18	136
18	136
18	137
18	137
17	137
17	137
17	137
17	137
17	137
18	137
17	137
18	137
18	137
18	137
18	137
18	137
17	137
18	137
18	137
18	137
18	137
18	137
18	138
18	138
18	138
18	138
18	138
18	138
18	138
18	138
18	138
18	138
18	138
18	138
17	138
17	138
17	138
17	138
17	138
17	138
17	138
17	138
17	138
17	138
17	138
17	139
17	139
17	139
17	139
17	139
17	139
18	139
18	139
17	139
17	139
17	139
17	139
17	140
17	140
17	140
17	140
17	140
17	140
17	140
17	140
17	140
17	140
17	141
17	141
17	141
17	141
17	141
17	141
17	141
17	141
17	141
17	141
17	141
17	142
17	142
17	142
17	142
17	142
17	142
17	142
17	142
17	142
17	143
17	143
17	143
17	143
17	143
17	143
17	143
17	143
17	144
17	144
17	144
17	144
17	144
17	144
17	145
17	145
17	145
17	145
17	145
17	145
17	145
17	146
17	146
17	146
17	146
17	146
17	146
17	146
17	146
17	146
17	147
17	147
17	147
17	147
17	147
17	147
17	147
17	147
17	147
17	147
17	147
17	147
17	147
17	147
17	147
17	147
17	147
17	147
17	147
17	147
17	147
17	147
17	147
17	147
17	147
17	147
17	147
17	147
17	147
17	147
17	147
17	147
17	147
17	147
17	147
17	147
17	147
17	147
17	147
17	147
17	147
17	147
17	147
17	147
17	147
17	147
17	147
17	147
17	147
17	147
17	147
17	147
17	147
17	147
17	147
17	147
17	147
17	147
17	147
17	147
17	147
17	147
17	147
17	147
17	147
17	147
17	147
17	147
17	147
17	147
17	147
17	147
17	147
17	147
17	147
17	147
17	147
17	147
17	147
16	147
17	147
17	147
17	147
17	147
17	147
17	147
17	147
17	147
17	147
17	147
17	147
17	147
17	147
17	147
17	147
17	147
17	147
17	147
17	147
17	147
17	147
17	147
17	147
17	147
17	147
17	147
17	147
17	147
17	147
17	147
17	147
17	147
17	147
17	147
17	147
17	147
17	147
17	147
16	147
17	147
17	147
17	147
17	147
17	147
17	147
17	147
17	147
16	147
17	147
17	147
17	147
17	147
17	147
17	147
17	147
17	147
17	147
17	147
17	147
17	147
17	147
17	147
17	147
17	147
17	147
17	147
17	147
17	147
17	147
17	147
17	148
17	148
17	148
17	148
17	148
17	148
17	148
17	148
17	148
17	148
17	148
17	148
17	148
17	148
17	149
17	149
17	149
16	149
16	149
16	149
16	149
17	149
17	150
17	150
17	150
17	150
17	150
16	150
16	150
17	150
17	150
17	150
16	150
17	150
16	150
17	150
17	150
17	150
17	150
17	150
17	150
16	150
17	150
17	150
17	150
17	150
17	150
17	150
17	150
17	150
17	150
17	150
17	150
17	150
17	150
17	150
17	150
16	150
16	150
17	150
17	150
17	150
16	150
17	150
17	150
17	150
17	150
17	150
17	150
17	150
17	150
17	150
17	150
17	150
17	150
17	150
17	150
17	150
17	150
17	150
16	150
16	150
17	150
16	150
16	150
16	150
16	150
16	150
16	150
16	150
16	150
16	150
16	150
16	150
16	150
16	150
16	150
17	150
16	150
16	150
16	150
17	150
16	150
17	150
16	150
16	150
17	150
16	150
17	150
16	150
16	150
16	150
16	150
16	150
16	150
16	150
16	150
16	150
16	150
16	150
16	150
16	150
16	150
16	150
16	150
16	150
16	150
16	150
16	150
16	150
16	150
16	150
16	150
16	150
16	150
16	150
16	150
16	150
16	150
16	150
16	150
16	150
16	150
16	150
16	150
16	150
16	150
16	150
16	150
16	150
16	150
16	150
16	150
16	150
16	150
16	150
16	150
16	150
16	150
16	150
16	150
17	150
16	150
17	150
16	150
16	150
16	150
16	150
16	150
16	150
17	150
16	150
16	150
16	150
16	150
16	150
16	150
16	150
16	150
16	150
16	150
16	150
16	150
16	150
16	150
17	150
16	150
16	150
16	150
16	150
16	150
16	150
16	150
16	150
16	150
16	150
16	150
16	150
16	150
16	150
16	150
16	150
16	150
16	150
16	150
16	150
16	150
16	150
16	150
16	150
16	150
16	150
17	150
16	150
16	150
17	150
17	150
17	150
16	150
17	150
17	150
17	150
17	150
17	150
16	150
17	150
16	150
16	150
16	151
16	151
16	151
16	151
16	152
16	152
16	152
16	153
16	153
16	153
16	153
16	153
16	154
16	154
16	154
16	154
16	154
16	154
16	154
16	154
16	154
16	154
16	154
16	154
16	154
16	154
16	154
16	154
16	154
16	154
16	154
16	154
16	154
16	154
17	154
16	154
17	154
16	154
16	154
17	155
16	155
16	155
16	155
16	155
16	155
16	155
16	155
16	155
16	155
16	155
16	155
16	155
16	155
16	155
16	155
16	155
16	155
16	155
16	155
16	155
16	156
16	156
16	156
16	156
16	156
16	156
16	156
16	156
16	156
16	156
16	156
16	156
16	156
16	156
16	156
16	156
16	156
16	156
16	156
16	156
16	156
16	156
16	156
16	156
16	156
16	156
16	156
16	157
17	157
16	157
16	157
16	157
16	157
16	157
16	157
17	157
16	157
16	157
16	157
16	157
17	157
17	157
16	157
17	157
16	157
17	157
17	157
17	157
16	157
17	157
16	157
17	157
17	157
17	157
17	157
17	157
17	157
17	157
17	157
17	157
17	157
17	157
17	157
17	157
16	157
17	158
17	158
17	158
17	158
16	158
16	158
16	158
16	158
16	158
16	158
16	158
16	159
16	159
16	159
16	159
16	159
16	159
16	159
16	159
16	159
16	159
16	159
16	159
16	159
16	159
16	159
16	159
16	159
16	159
16	159
16	159
16	159
16	159
16	159
16	159
16	159
16	159
16	160
16	160
16	160
16	160
16	160
16	160
16	160
16	160
16	160
16	160
16	160
16	160
16	160
16	160
16	160
16	160
16	160
16	160
16	160
16	160
16	160
16	161
16	161
16	161
16	161
16	161
16	161
16	161
16	161
16	161
16	161
16	161
16	161
16	161
16	161
17	162
16	162
17	162
16	162
16	162
17	162
17	162
16	162
16	163
16	163
16	163
16	163
16	163
16	163
16	163
16	164
16	164
16	164
16	164
16	164
16	164
16	164
16	164
16	165
16	165
16	165
16	165
17	165
17	165
17	165
17	165
17	166
17	166
17	166
17	166
17	166
17	166
16	166
17	166
17	166
17	166
17	166
17	167
17	167
17	167
17	167
17	167
17	167
17	167
17	167
17	167
17	167
17	167
17	167
17	167
17	167
16	167
17	167
17	167
17	167
17	167
17	167
17	167
17	167
17	167
17	167
17	167
17	167
17	167
17	167
17	167
17	167
17	167
17	167
17	167
17	167
17	167
17	167
17	167
17	167
17	167
17	168
17	168
17	168
17	168
17	168
17	168
17	168
17	168
17	168
17	168
17	168
17	168
17	168
17	168
17	168
17	168
17	168
17	168
17	168
17	168
17	168
17	168
17	168
17	168
17	168
17	168
17	168
17	168
17	168
17	168
17	168
17	168
17	168
17	168
17	168
17	168
17	168
17	168
17	168
16	169
17	169
17	169
17	169
17	169
17	169
17	169
17	169
17	169
16	169
17	169
17	169
17	169
17	169
17	169
17	169
17	169
17	169
17	169
17	169
17	169
17	169
17	169
17	169
16	169
17	170
16	170
16	170
16	170
16	170
16	170
16	170
16	170
16	170
16	170
16	170
16	170
16	170
16	170
16	170
16	170
16	170
16	170
16	170
16	170
16	170
16	170
16	170
17	170
16	170
17	170
17	170
17	170
17	170
17	171
17	171
17	171
17	171
17	171
17	171
16	171
16	171
16	171
17	171
17	171
17	171
17	171
16	171
17	171
17	171
17	171
17	171
16	171
17	171
17	172
17	172
17	172
17	172
17	172
17	172
17	172
17	172
17	172
17	172
17	172
17	172
17	172
17	172
17	172
17	172
17	173
17	173
17	173
17	173
17	173
17	173
17	173
17	173
17	173
17	174
17	174
17	174
17	174
17	174
17	174
17	174
17	174
17	174
17	174
17	174
17	174
17	174
17	174
17	174
17	175
17	175
17	175
17	175
17	175
17	175
17	175
17	175
17	175
17	175
17	175
17	175
17	175
17	175
17	175
17	175
17	175
17	176
17	176
17	176
17	176
17	176
17	176
18	176
17	176
18	176
17	176
17	176
17	176
17	176
17	176
17	176
17	176
17	176
17	176
17	176
17	176
17	176
17	176
17	177
17	177
17	177
17	177
17	177
17	177
17	177
17	177
17	177
17	177
17	177
17	177
17	177
17	177
17	178
17	178
17	178
17	178
17	178
17	178
17	178
18	178
17	178
18	178
18	178
18	178
18	178
17	178
17	178
18	179
17	179
17	179
17	179
17	179
18	179
18	179
17	179
18	179
18	179
18	179
18	179
18	179
18	180
18	180
18	180
17	180
18	180
18	180
18	180
18	180
18	180
18	180
18	180
18	180
18	180
18	180
18	180
18	180
18	180
18	180
18	180
18	181
18	181
18	181
18	181
18	181
18	181
18	181
18	181
18	181
18	181
18	181
18	181
18	181
18	181
18	181
18	181
18	181
18	181
18	181
18	181
18	181
18	181
18	181
18	181
18	181
18	182
18	182
18	182
18	182
18	182
18	182
18	182
18	182
18	182
18	182
18	182
18	182
18	182
18	182
18	182
18	182
18	182
18	182
18	183
18	183
18	183
18	183
18	183
17	183
18	183
18	183
18	184
18	184
18	184
18	184
18	184
18	184
18	185
18	185
18	185
18	185
18	185
18	185
18	185
18	186
18	186
18	186
18	186
18	186
18	186
18	186
18	186
18	186
18	186
18	186
19	186
18	186
18	186
18	186
18	186
18	186
18	186
18	186
18	186
18	186
18	186
18	186
18	186
18	186
18	186
18	186
18	186
18	186
18	186
18	186
18	186
18	186
18	186
18	186
18	186
18	186
18	186
18	186
18	186
18	186
19	186
19	186
18	186
18	186
18	186
18	186
18	186
19	186
18	186
18	186
19	186
18	186
18	186
19	186
19	187
19	187
18	187
18	187
19	187
19	187
19	187
19	187
18	187
19	187
19	187
19	187
19	187
19	187
19	187
19	187
19	187
19	187
19	187
19	188
19	188
19	188
19	188
19	188
19	188
19	188
19	188
19	188
19	188
19	188
19	189
19	189
19	189
19	189
19	189
19	189
19	189
19	189
19	189
19	189
19	189
19	189
19	190
19	190
19	190
19	190
19	190
19	190
19	190
19	190
21	190
21	190
20	190
21	190
21	190
21	190
21	191
21	191
21	191
21	191
20	191
20	191
20	191
20	191
20	191
20	191
20	191
20	191
20	191
20	191
20	191
20	191
20	191
20	191
20	191
20	191
20	191
20	191
20	191
20	191
20	191
22	191
22	191
22	191
22	191
22	191
22	192
22	192
22	192
22	192
22	192
22	192
22	192
21	192
22	192
22	192
22	192
22	192
22	192
40	192
22	192
22	192
22	192
41	192
39	192
40	192
22	192
40	192
40	193
22	193
39	193
40	193
40	193
40	193
21	193
40	193
40	193
41	193
40	193
40	193
38	193
39	193
38	193
42	193
39	193
39	193
39	193
39	193
39	193
39	193
38	193
40	193
41	193
40	193
38	193
39	193
40	193
39	193
39	194
40	194
40	194
40	194
41	194
40	194
39	194
38	194
39	194
40	194
40	194
40	194
38	194
39	194
39	194
39	195
38	195
39	195
38	195
39	195
38	195
38	195
41	195
39	195
40	195
38	195
39	196
39	196
39	196
40	196
39	196
39	196
39	196
40	196
40	196
40	196
39	196
39	196
39	196
39	196
38	196
39	196
38	196
38	196
39	196
38	196
39	197
40	197
39	197
38	197
39	197
40	197
39	197
38	197
39	197
39	197
40	197
39	197
38	197
39	197
38	197
38	197
39	197
40	197
38	197
38	197
38	197
39	197
39	197
39	197
38	197
38	197
39	197
38	197
39	197
40	197
40	197
40	197
39	197
39	197
39	197
38	197
39	197
40	197
38	197
39	197
38	197
40	197
40	197
38	197
39	197
39	197
38	197
39	197
39	197
39	197
39	197
39	197
39	197
40	197
40	197
39	197
39	197
39	197
39	197
40	197
38	197
40	197
39	197
39	197
39	197
38	197
38	197
38	197
40	197
39	197
38	197
38	197
39	197
40	197
39	197
38	197
39	197
38	197
40	197
38	197
38	197
39	197
39	197
40	197
39	197
39	197
40	197
39	197
40	197
39	197
39	197
39	197
39	197
38	197
39	197
39	197
40	197
38	197
39	197
39	197
38	197
39	197
39	197
38	197
39	197
40	197
40	197
40	197
40	197
39	197
38	197
40	197
38	197
40	197
40	197
39	197
40	197
40	197
39	197
40	197
39	197
40	197
39	197
39	197
38	197
40	197
38	197
40	197
40	197
39	197
39	197
40	197
39	197
39	197
39	197
39	197
39	197
38	197
39	197
38	197
38	197
40	197
39	197
40	197
39	197
38	197
40	197
39	197
39	197
38	197
39	197
39	197
38	197
39	197
39	197
39	197
39	197
39	197
39	197
39	197
40	197
39	197
40	197
39	197
40	197
40	197
38	197
39	197
39	197
39	197
39	197
40	197
40	197
39	197
39	197
39	197
40	197
40	197
39	197
40	197
39	197
39	197
40	197
38	197
40	197
39	197
39	197
39	197
39	197
39	197
38	197
40	197
39	197
39	197
39	197
39	197
39	197
38	197
39	197
39	197
39	197
40	197
39	197
39	197
39	197
40	197
40	197
40	197
40	197
39	197
40	197
40	197
39	197
40	197
40	197
39	197
39	197
40	197
39	197
40	197
40	197
39	197
38	197
40	197
40	197
40	197
40	197
39	197
39	198
40	198
39	198
39	198
39	198
38	198
38	199
39	199
40	199
39	199
39	199
38	199
39	199
39	199
39	199
39	199
38	200
39	200
39	200
39	200
39	200
39	200
40	200
39	200
38	200
39	200
39	200
39	200
39	200
39	200
38	200
38	201
39	201
39	201
39	201
39	201
38	201
39	201
39	201
40	201
39	201
39	201
39	201
39	201
38	201
39	201
38	201
38	201
38	201
39	201
38	201
39	201
39	202
38	202
39	202
39	202
38	202
39	202
38	202
39	202
38	202
38	202
38	202
39	202
39	202
38	202
39	202
39	202
39	202
38	202
39	202
39	202
39	202
39	202
39	202
39	202
39	202
39	202
39	202
38	203
39	203
39	203
39	203
38	203
38	203
39	203
38	203
39	203
39	203
38	203
39	203
39	203
38	203
38	203
38	203
38	203
39	203
38	203
38	203
39	203
38	203
39	203
39	203
38	203
39	203
38	203
38	203
38	203
39	203
38	203
38	203
39	203
38	203
39	203
38	204
39	204
39	204
39	204
39	204
38	204
39	204
38	204
39	204
39	204
38	204
38	204
38	204
38	204
38	204
38	204
38	204
38	204
38	204
38	204
38	205
38	205
38	205
38	205
38	205
38	205
38	205
38	205
38	205
38	205
38	205
38	205
38	205
38	205
38	205
38	205
38	205
38	205
38	205
38	206
38	206
38	206
38	206
38	206
38	206
38	206
38	206
38	206
38	206
38	206
38	206
38	206
38	206
38	206
38	207
38	207
38	207
38	207
38	207
38	207
38	207
38	207
38	207
38	207
38	207
38	207
38	207
38	208
38	208
37	208
38	208
38	208
38	208
38	208
38	208
38	208
37	208
38	208
38	208
38	208
37	208
38	208
38	208
37	208
38	208
38	208
38	208
38	208
37	209
38	209
38	209
37	209
38	209
38	209
37	209
38	209
38	209
38	209
37	209
38	209
37	209
37	209
37	209
38	209
38	209
37	209
37	210
37	210
37	210
38	210
38	210
38	210
37	210
38	210
38	210
38	210
38	210
37	210
38	210
38	210
37	210
38	210
38	210
37	210
37	210
37	210
37	210
38	210
38	210
37	210
37	210
37	210
37	210
37	210
37	210
38	210
38	210
37	210
37	210
38	211
38	211
38	211
37	211
38	211
38	211
37	211
38	211
37	211
38	211
37	211
37	211
38	211
37	211
37	211
37	211
37	211
37	211
36	211
38	211
37	211
38	211
38	212
38	212
38	212
37	212
37	212
37	212
37	212
37	212
38	212
38	212
37	212
37	212
37	212
37	212
37	212
38	212
37	212
37	212
37	212
38	212
37	212
37	212
37	212
37	212
37	212
37	212
37	212
37	212
37	212
37	212
38	212
37	212
37	212
38	212
37	212
37	212
38	212
37	212
38	212
38	212
37	212
38	213
37	213
37	213
37	213
37	213
37	213
37	213
37	213
38	213
37	213
37	213
37	213
38	213
37	213
36	213
37	213
37	213
37	213
37	213
37	213
37	213
37	213
36	213
36	213
37	213
37	214
36	214
36	214
37	214
37	214
37	214
36	214
38	214
37	214
37	214
37	214
37	214
36	214
35	214
34	214
35	214
36	214
37	215
36	215
37	215
37	215
36	215
36	215
37	215
35	215
37	215
37	215
37	215
37	215
35	215
37	215
35	215
37	215
36	215
35	216
35	216
37	216
36	216
36	216
36	216
36	216
36	216
35	216
37	216
37	216
37	216
37	216
35	216
35	216
37	216
35	216
35	217
37	217
35	217
35	217
35	217
34	217
34	217
34	217
36	217
37	217
36	217
34	217
36	217
34	217
37	217
34	217
34	217
36	217
35	217
35	218
36	218
36	218
34	218
36	218
34	218
34	218
36	218
36	218
34	218
34	218
34	218
34	218
34	218
34	218
34	218
35	218
34	219
34	219
36	219
34	219
34	219
34	219
34	219
34	219
34	219
34	219
34	219
34	219
33	219
33	220
33	220
34	220
34	220
34	220
34	220
33	220
34	220
33	221
35	221
34	221
33	221
33	221
33	221
34	221
34	221
34	221
34	221
34	221
33	222
33	222
33	222
33	222
33	222
33	222
33	222
34	222
33	222
33	222
34	222
33	222
33	222
34	222
33	222
34	222
34	222
33	222
34	222
33	222
34	223
33	223
33	223
33	223
33	223
33	223
33	223
33	223
33	223
33	223
33	223
33	223
33	223
33	223
33	223
33	223
33	223
33	223
33	223
33	223
33	223
33	223
33	223
33	223
33	223
33	223
33	223
33	223
33	223
33	223
33	223
34	223
33	223
33	223
33	223
34	223
34	223
33	223
34	223
34	223
33	223
34	223
33	223
34	223
34	223
33	223
33	223
33	223
33	223
33	223
33	223
33	223
33	224
33	224
33	224
33	224
33	224
33	224
33	224
33	224
33	224
33	224
33	224
33	224
33	224
33	224
33	224
33	224
33	224
33	224
33	224
33	224
33	224
33	224
33	224
32	224
33	224
33	225
33	225
33	225
33	225
33	225
33	225
33	225
33	225
33	225
33	225
33	225
33	226
33	226
33	226
32	226
33	226
33	226
33	226
33	226
33	226
33	227
33	227
33	227
33	227
33	227
33	227
33	227
33	227
33	227
33	227
33	227
33	227
33	228
33	228
33	228
33	228
33	228
32	228
32	228
32	228
33	228
33	228
33	228
33	228
33	228
33	228
33	228
33	228
33	228
33	228
33	228
33	228
33	228
33	228
32	228
32	228
32	228
32	228
32	228
32	228
32	228
32	228
32	228
33	228
32	228
32	228
32	228
32	228
32	228
32	228
32	228
32	228
32	228
32	228
33	228
32	229
32	229
32	229
32	229
32	229
32	229
32	229
32	229
32	229
32	229
32	229
32	229
33	229
32	229
33	229
32	229
32	229
32	229
32	229
32	229
32	229
32	229
32	229
32	229
32	229
32	229
32	229
32	229
32	229
32	229
32	229
32	229
32	230
32	230
33	230
32	230
32	230
32	230
32	230
32	230
32	230
32	230
32	230
32	230
32	230
32	230
32	230
33	230
32	230
32	230
32	230
32	230
32	230
32	230
33	230
33	230
33	230
32	230
33	231
32	231
32	231
32	231
32	231
32	231
32	231
32	231
32	231
32	231
32	231
32	231
32	231
32	231
32	231
32	231
32	231
32	231
32	231
32	231
32	232
32	232
32	232
32	232
32	232
32	232
32	232
33	232
32	232
32	232
32	232
32	232
32	232
32	232
32	232
32	232
32	232
32	232
32	232
32	232
32	232
32	232
32	232
32	232
32	232
32	232
32	232
32	232
32	232
32	232
32	232
32	232
32	232
32	232
32	233
32	233
32	233
32	233
32	233
32	233
32	233
32	233
32	233
32	233
32	233
32	233
32	233
32	233
32	233
32	233
32	233
32	233
32	233
32	233
32	233
32	233
32	233
32	233
32	233
32	233
32	233
32	233
32	233
32	233
32	233
32	233
32	233
32	233
32	233
32	233
32	233
32	233
32	233
32	233
32	233
32	233
32	233
32	233
32	233
32	233
32	234
32	234
32	234
32	234
32	234
32	234
32	234
32	234
32	234
32	234
32	234
32	234
32	234
32	234
32	234
32	234
32	234
32	234
32	234
32	234
32	234
32	234
32	234
32	234
32	234
32	234
32	234
32	234
32	234
32	234
32	234
32	234
32	234
32	234
32	234
32	234
32	234
32	234
32	234
32	234
32	234
32	234
32	234
32	234
32	234
32	234
32	234
32	234
32	234
32	234
32	234
32	234
32	234
32	234
32	234
32	234
32	234
32	234
32	234
32	234
32	234
32	234
32	234
32	234
32	234
32	234
32	234
32	234
32	234
32	234
32	234
32	234
32	234
32	234
32	234
32	234
32	234
32	234
32	234
32	234
32	234
32	234
32	234
32	234
32	234
32	234
32	234
32	234
32	234
32	234
32	234
32	234
32	234
32	234
32	234
32	234
32	234
32	234
32	234
32	234
32	234
32	234
32	234
32	234
32	234
32	234
32	234
32	234
32	234
32	234
32	234
32	234
32	234
32	234
32	234
32	234
32	234
32	234
32	234
32	234
32	234
32	234
32	234
32	234
32	234
32	234
32	234
32	234
32	234
32	234
32	234
32	234
32	234
32	234
32	234
32	234
32	234
32	234
32	234
32	234
32	234
32	234
32	234
32	234
32	234
32	234
32	234
32	234
32	234
32	234
32	234
32	234
32	234
32	234
32	234
32	234
32	234
32	234
32	234
32	234
32	234
32	234
32	234
32	234
32	234
32	234
32	234
32	234
32	234
32	234
32	234
32	234
32	234
32	234
32	234
32	234
32	234
32	234
32	234
32	234
32	234
32	234
32	234
32	234
32	234
32	234
32	234
32	234
32	234
32	234
32	234
32	234
32	234
32	234
32	234
32	234
32	234
32	234
32	234
32	234
32	234
32	234
32	234
32	234
32	234
32	234
32	234
32	234
32	234
32	234
32	234
32	234
32	234
32	234
32	234
32	234
32	234
32	234
32	234
32	234
32	234
32	234
32	234
32	234
32	234
32	234
32	234
32	234
32	234
32	234
32	234
32	234
32	234
32	234
32	234
32	234
32	234
32	234
32	234
32	234
32	234
32	234
32	234
32	234
32	234
32	234
32	234
32	234
32	234
32	234
32	234
32	234
32	234
32	234
32	234
32	234
32	234
32	234
32	234
32	234
32	234
32	234
32	234
32	234
32	234
32	234
32	234
32	234
32	234
32	234
32	234
32	234
32	234
32	234
32	234
32	234
32	234
32	234
32	234
32	234
32	234
32	234
32	234
32	234
32	234
32	234
32	234
32	234
32	234
32	234
32	234
32	234
32	234
32	234
32	234
32	234
32	234
32	234
32	234
32	234
32	234
31	234
32	234
32	234
32	234
32	234
32	234
32	234
32	234
32	234
32	234
32	234
32	234
32	234
32	234
32	234
32	234
32	234
32	234
32	234
32	234
32	234
32	234
32	234
32	234
32	234
32	234
32	234
32	234
31	234
32	234
32	234
32	234
32	234
32	234
32	234
32	234
32	234
32	234
32	234
32	234
32	234
32	234
32	234
32	234
32	234
32	234
32	234
32	234
32	234
32	234
32	234
32	234
32	234
32	234
32	234
32	234
32	234
32	234
32	234
32	234
32	234
32	234
32	234
32	234
32	234
32	234
32	234
32	234
32	234
32	234
32	234
32	234
32	234
32	234
32	234
32	234
32	234
32	234
32	234
32	234
32	234
32	234
32	234
32	234
32	234
32	234
32	234
32	234
32	234
32	234
32	234
32	234
32	234
32	234
32	234
32	234
32	234
32	234
32	234
32	234
32	234
32	234
32	234
32	234
32	234
32	234
32	234
32	234
32	234
32	234
32	234
32	234
31	234
32	234
32	234
32	234
32	234
32	234
32	234
32	234
32	234
32	235
32	235
32	235
32	235
32	235
32	235
32	235
32	236
32	236
32	236
32	236
32	237
32	237
32	237
32	237
32	238
32	238
32	238
32	238
32	238
31	238
32	238
32	238
32	238
31	239
31	239
32	239
32	239
32	239
32	239
31	239
32	239
32	239
32	239
32	239
32	239
32	239
32	239
32	239
32	239
32	239
32	239
32	239
32	239
32	239
32	239
32	239
32	239
32	239
32	239
32	239
32	239
32	239
32	239
32	239
32	239
32	239
32	239
32	239
32	239
31	239
31	239
32	239
32	239
32	239
32	240
32	240
32	240
31	240
31	240
31	240
31	240
32	240
31	240
32	240
31	240
31	240
32	240
31	240
31	240
31	240
31	240
32	240
31	240
32	240
32	240
32	240
32	241
32	241
32	241
32	241
32	241
32	241
31	241
31	241
32	241
32	241
32	241
31	241
32	242
32	242
32	242
32	242
32	242
32	242
32	242
32	242
32	242
31	243
32	243
32	243
31	243
32	243
32	243
32	243
32	243
32	243
31	243
31	243
31	244
31	244
31	244
31	244
31	244
31	244
31	244
31	244
31	244
32	244
31	244
31	244
31	244
31	244
31	245
31	245
31	245
31	245
31	245
32	245
32	245
32	245
32	245
32	245
32	245
31	245
32	245
32	245
31	245
31	245
31	245
31	245
31	246
31	246
31	246
31	246
31	246
31	246
31	246
31	246
31	246
31	246
31	246
31	246
31	246
31	246
31	246
31	246
31	246
31	246
31	247
31	247
31	247
31	247
31	247
31	247
31	247
31	247
31	247
31	247
31	247
31	247
31	247
31	247
31	247
31	247
31	248
31	248
31	248
31	248
31	248
31	248
31	248
31	248
31	248
31	248
32	248
32	248
31	248
31	248
31	248
31	248
31	249
31	249
31	249
31	249
31	249
31	249
31	249
31	249
31	249
31	249
31	249
31	250
31	250
31	250
31	250
32	250
31	250
31	250
31	250
31	250
31	251
31	251
31	251
31	251
31	251
31	251
31	251
31	251
31	251
31	251
31	252
31	252
31	252
31	252
31	252
31	252
31	252
31	252
32	252
31	252
31	252
31	252
31	253
32	253
32	253
32	253
31	253
32	253
31	253
31	253
32	253
32	253
31	253
32	253
31	253
31	253
31	253
31	253
31	253
31	253
31	253
31	254
32	254
31	254
31	254
31	254
31	254
31	254
31	254
31	254
31	254
32	254
31	254
32	254
32	254
31	254
31	254
31	254
31	254
32	254
32	255
31	255
32	255
32	255
32	255
32	255
31	255
31	255
31	255
32	255
31	255
31	255
31	255
31	255
31	255
31	255
32	255
32	255
32	255
32	255
31	255
31	255
31	255
31	255
31	255
31	255
31	255
31	255
31	255
31	255
32	255
31	255
32	255
31	255
31	255
31	255
31	255
32	255
31	255
31	255
32	256
31	256
31	256
31	256
31	256
31	256
31	256
32	256
31	256
31	256
31	256
31	256
31	256
31	256
31	256
31	256
31	256
31	256
31	256
32	256
31	256
31	256
32	256
31	256
31	256
31	256
31	257
31	257
31	257
31	257
31	257
31	257
31	257
31	257
31	257
31	257
31	257
31	257
31	257
31	257
31	257
31	257
31	257
31	257
32	257
31	257
31	257
31	257
31	257
31	257
31	257
31	257
32	258
31	258
31	258
31	258
31	258
31	258
31	258
31	258
31	258
31	258
31	258
31	258
31	258
31	258
31	258
31	258
31	258
31	258
31	258
31	258
31	258
31	258
31	258
31	259
31	259
31	259
31	259
31	259
31	259
31	259
31	259
31	259
32	259
31	259
31	259
32	259
32	259
31	259
31	259
31	259
31	260
31	260
31	260
31	260
31	260
31	260
31	260
31	260
31	260
31	260
31	260
31	260
31	260
31	260
31	260
31	260
31	260
31	260
31	260
31	260
31	260
31	261
31	261
31	261
31	261
31	261
31	261
31	261
31	261
31	261
31	261
31	261
31	261
31	261
31	261
31	261
31	261
31	261
31	261
31	261
31	261
32	261
31	261
31	261
31	261
31	261
31	261
31	261
31	261
31	261
32	261
31	262
31	262
31	262
31	262
31	262
32	262
31	262
32	262
32	262
32	262
32	262
31	262
32	262
32	262
32	262
32	262
32	262
32	262
32	262
32	262
32	262
32	262
31	262
31	262
31	262
31	262
32	262
32	262
31	262
31	262
31	262
31	262
31	262
31	262
31	262
31	262
32	263
31	263
31	263
31	263
31	263
31	263
31	263
31	263
31	263
31	263
31	263
31	263
31	263
31	263
31	263
31	263
31	263
31	263
31	263
31	263
31	263
31	263
31	263
31	263
31	263
31	263
31	263
31	263
31	263
31	263
31	264
31	264
31	264
31	264
31	264
31	264
31	264
31	264
31	264
31	264
31	264
31	264
31	264
31	264
31	264
31	264
31	264
31	264
31	264
31	264
31	264
31	264
31	264
31	264
31	264
31	264
31	264
31	264
31	264
31	264
31	264
31	264
31	264
31	265
32	265
31	265
31	265
31	265
31	265
31	265
31	265
31	265
31	265
32	265
31	265
31	265
31	265
31	265
31	265
31	265
31	265
31	265
32	265
31	265
31	265
31	265
31	265
31	265
31	265
31	266
31	266
32	266
31	266
31	266
31	266
32	266
31	266
31	266
32	266
32	266
32	266
32	267
31	267
32	267
32	267
32	267
32	267
32	267
32	267
32	267
32	267
32	268
32	268
32	268
32	268
32	268
32	268
32	268
32	268
32	268
32	268
32	268
32	268
32	268
32	268
32	268
32	268
32	268
32	268
32	268
32	268
32	268
32	268
31	268
32	268
32	268
32	268
31	268
31	268
31	268
32	268
31	269
32	269
31	269
31	269
31	269
31	269
32	269
31	269
32	269
32	269
31	269
31	269
31	269
31	269
31	269
31	269
31	269
31	269
31	269
31	269
31	269
31	269
31	269
32	269
32	269
31	269
31	269
31	269
31	269
31	269
31	269
31	269
32	269
32	269
31	269
31	269
31	269
31	269
31	269
31	269
31	269
32	269
32	269
31	269
31	270
31	270
31	270
31	270
32	270
31	270
31	270
31	270
31	270
31	270
31	270
31	270
31	270
31	270
31	270
31	270
31	270
31	270
31	270
31	270
31	270
31	270
31	270
31	270
31	270
31	270
31	270
31	270
31	270
31	270
31	270
31	271
32	271
32	271
32	271
31	271
31	271
32	271
31	271
31	271
32	271
31	271
31	271
32	271
31	271
31	271
31	271
31	271
32	271
32	271
32	271
32	271
31	271
31	271
31	271
31	271
31	271
31	271
31	271
31	271
31	271
31	271
31	271
31	271
31	271
32	271
31	271
31	271
32	271
31	271
31	272
32	272
31	272
32	272
32	272
32	272
32	272
32	272
32	272
32	272
32	272
32	272
32	272
32	272
32	272
32	272
32	272
32	272
32	272
32	272
32	272
32	272
32	272
32	272
32	272
32	272
32	272
32	272
32	272
32	272
32	272
32	273
32	273
32	273
32	273
32	273
32	273
32	273
32	273
32	273
32	273
32	273
32	273
32	273
32	273
32	273
32	273
32	273
32	273
32	273
32	273
32	273
32	273
32	273
32	273
33	273
32	273
32	273
32	273
32	273
32	273
32	273
32	273
32	273
32	274
32	274
32	274
32	274
32	274
32	274
32	274
32	274
32	274
32	274
33	274
32	274
32	274
32	274
32	274
32	274
32	274
32	274
32	274
32	274
32	274
32	274
32	274
32	274
33	274
32	274
32	274
32	274
32	274
32	274
32	274
33	274
32	274
32	274
33	274
32	274
32	274
32	274
32	274
32	274
32	274
32	274
32	274
32	274
32	274
32	274
32	274
32	275
32	275
32	275
32	275
32	275
32	275
32	275
33	275
33	275
33	275
33	275
32	275
33	275
32	275
32	275
33	276
33	276
32	276
33	276
33	276
33	276
32	276
33	276
33	276
33	276
33	276
33	276
33	276
32	276
33	276
33	276
33	276
33	276
33	277
33	277
33	277
33	277
33	277
33	277
33	277
33	277
33	277
33	277
33	277
33	277
33	277
33	277
33	277
33	277
32	277
33	277
33	277
33	277
33	277
33	277
33	277
33	277
32	278
33	278
32	278
33	278
33	278
33	278
33	278
33	278
33	278
32	278
33	278
33	278
33	278
33	278
33	278
32	278
33	278
32	278
33	278
33	278
33	278
33	278
33	278
33	279
33	279
33	279
32	279
33	279
32	279
32	279
32	279
33	279
32	279
32	279
33	279
33	279
33	279
33	279
33	279
33	279
33	279
33	279
33	279
35	279
33	279
33	280
35	280
35	280
33	280
35	280
33	280
33	280
34	280
35	280
34	280
34	280
34	280
33	280
35	280
34	280
34	280
34	280
35	280
34	280
34	280
34	280
35	281
34	281
34	281
34	281
34	281
34	281
34	281
34	281
34	281
37	281
36	281
34	281
34	281
37	281
37	281
34	281
37	281
37	282
34	282
37	282
37	282
39	282
36	282
36	282
36	282
36	282
36	282
39	282
36	282
35	282
39	282
39	282
35	283
40	283
36	283
39	283
40	283
39	283
40	283
39	283
40	283
40	283
40	283
39	284
40	284
39	284
40	284
40	284
39	284
40	284
40	284
40	284
39	284
40	284
40	285
40	285
40	285
40	285
40	285
40	285
40	285
40	285
40	285
40	285
39	285
40	285
40	285
40	285
40	285
39	285
40	285
40	285
40	285
40	285
40	285
40	285
40	285
40	285
40	285
40	285
40	285
40	285
40	285
40	285
40	285
40	285
40	285
40	285
40	285
40	285
40	285
40	285
40	285
40	285
40	285
40	285
40	285
40	285
40	285
40	285
40	285
40	285
40	285
40	285
40	285
40	285
40	285
40	285
40	285
40	285
40	285
40	285
40	285
40	285
40	285
40	285
40	285
40	285
40	285
40	285
40	285
40	285
40	285
40	285
40	285
40	285
40	285
40	285
40	285
40	285
40	285
40	285
40	285
40	285
40	285
40	285
40	285
40	285
40	285
40	285
40	285
40	285
40	286
40	286
40	286
40	286
40	286
40	286
40	286
40	286
40	286
40	286
40	286
40	286
40	286
40	286
40	286
40	286
40	286
40	286
40	286
40	286
40	286
40	286
40	286
40	286
40	286
40	286
40	286
40	286
40	286
40	286
40	286
40	286
40	286
40	286
40	286
40	286
39	286
40	286
40	286
40	286
40	286
40	286
40	286
40	286
40	286
40	286
40	286
40	286
40	286
40	286
40	286
40	286
40	286
40	286
36	286
40	286
40	286
40	286
40	286
40	286
40	286
40	286
40	286
40	286
40	286
40	286
40	286
40	286
40	286
40	286
40	286
40	286
40	286
40	286
40	286
40	286
40	287
40	287
40	287
41	287
40	287
40	287
40	287
40	287
40	287
40	287
40	287
40	287
40	287
40	287
40	287
40	287
40	287
40	287
40	287
40	287
40	287
40	287
40	287
40	287
40	287
40	287
40	287
40	287
40	287
40	287
40	287
40	287
40	287
40	287
41	287
40	287
40	287
40	287
40	287
40	287
40	287
40	287
40	288
40	288
40	288
40	288
40	288
40	288
40	288
40	288
40	288
40	288
40	288
40	288
40	288
40	288
40	288
40	288
40	288
40	288
40	288
40	288
41	288
40	288
40	288
40	288
40	288
40	288
40	288
40	288
40	288
41	288
40	288
40	288
40	288
41	288
40	288
41	288
40	288
40	288
40	288
40	288
40	288
40	288
40	288
40	288
40	288
40	288
40	288
40	288
40	288
40	288
40	288
40	288
41	288
40	288
40	288
40	288
40	288
40	289
40	289
40	289
40	289
41	289
40	289
40	289
40	289
40	289
40	289
40	289
40	289
40	289
40	289
40	289
40	289
40	289
40	289
40	289
40	289
40	289
40	289
40	289
40	289
40	289
40	289
40	289
40	289
40	289
40	289
40	289
40	289
40	289
40	290
40	290
40	290
40	290
40	290
40	290
40	290
40	290
40	290
40	290
40	290
40	290
40	290
40	290
40	290
40	290
40	290
40	290
40	290
40	290
40	290
40	290
40	290
40	290
40	290
40	290
40	290
40	290
40	291
40	291
40	291
40	291
40	291
40	291
40	291
40	291
40	291
40	291
40	291
40	291
40	291
40	291
40	291
40	291
40	291
40	291
40	291
40	291
40	291
40	291
40	291
40	291
40	291
40	291
40	291
40	291
40	291
40	291
40	291
40	291
40	291
40	291
40	291
40	291
40	291
40	291
40	291
40	291
40	291
40	291
40	291
40	291
40	291
40	291
40	291
40	291
40	291
40	291
40	291
40	291
40	291
40	291
40	291
40	291
40	291
40	291
40	291
40	291
40	291
40	291
40	291
40	291
40	291
40	291
40	291
40	291
40	291
40	291
40	291
40	291
40	291
40	291
40	291
40	291
40	291
40	291
40	291
40	291
40	291
40	291
40	291
41	291
40	291
40	291
40	291
40	291
40	291
40	291
40	291
40	291
40	291
40	291
40	291
40	291
40	291
40	291
40	291
40	291
40	291
40	291
40	291
40	291
40	291
40	291
40	291
40	291
40	291
40	291
40	291
40	291
40	291
40	291
40	291
40	291
40	291
40	291
40	291
40	291
40	291
40	291
40	291
40	291
40	291
39	292
40	292
39	292
40	292
40	292
40	292
40	292
40	292
40	292
40	292
39	292
40	292
40	292
40	292
40	292
40	292
39	292
40	292
40	292
40	292
40	292
39	292
40	292
40	292
40	292
40	292
40	292
40	292
40	292
40	292
40	293
40	293
40	293
40	293
40	293
40	293
40	293
40	293
40	293
40	293
40	293
40	293
40	293
39	293
40	294
40	294
40	294
40	294
39	294
40	294
40	294
40	294
39	294
40	294
40	294
40	294
39	294
40	294
40	294
39	294
39	294
39	294
40	294
40	294
39	294
40	294
40	294
40	294
39	294
40	294
40	294
40	294
40	294
40	294
40	294
40	294
40	294
40	294
40	294
39	294
40	294
39	294
40	295
40	295
40	295
40	295
39	295
39	295
40	295
39	295
40	295
40	295
39	295
40	295
40	295
40	295
40	295
40	295
39	295
39	295
40	295
40	295
39	295
40	295
39	295
40	295
40	295
40	295
40	296
39	296
40	296
40	296
39	296
40	296
40	296
40	296
40	296
40	296
40	296
40	296
40	296
39	296
40	296
40	296
40	296
40	296
40	296
40	296
40	296
40	296
40	296
40	296
40	296
40	296
40	296
40	296
40	296
40	296
39	296
40	296
40	296
40	296
39	296
40	296
40	296
40	296
40	296
40	297
40	297
40	297
39	297
40	297
40	297
40	297
40	297
40	297
40	297
40	297
40	297
40	298
40	298
40	298
40	298
40	298
40	298
40	298
40	298
40	298
41	299
40	299
40	299
40	299
40	299
40	299
40	299
40	299
40	299
40	299
41	299
40	299
41	299
40	299
40	300
40	300
40	300
40	300
40	300
40	300
40	300
41	300
40	300
40	300
40	300
40	300
41	300
40	300
41	300
40	300
41	300
40	300
41	300
40	300
40	300
40	300
40	300
40	300
41	300
40	300
41	300
40	300
41	300
40	300
40	300
40	300
41	300
40	300
41	300
40	300
40	300
40	300
41	301
41	301
40	301
41	301
40	301
41	301
40	301
41	301
40	301
41	301
40	301
40	301
41	301
40	301
41	301
40	301
41	301
40	301
40	301
40	301
40	301
40	301
41	301
41	301
41	301
40	301
40	301
40	301
40	301
40	301
40	301
41	301
40	301
40	301
40	301
40	301
41	301
40	301
40	301
40	301
41	301
40	301
40	301
40	301
40	301
41	301
41	301
40	301
40	301
41	301
40	302
41	302
40	302
40	302
40	302
41	302
41	302
40	302
41	302
40	302
40	302
40	302
41	302
40	302
40	302
40	302
41	302
41	302
40	302
40	302
40	302
40	302
40	302
40	302
40	302
40	302
40	302
41	302
41	303
40	303
40	303
40	303
40	303
40	303
40	303
40	303
40	303
40	303
40	303
40	303
40	303
41	303
40	303
40	303
40	303
41	303
40	303
40	303
40	303
41	303
40	303
40	303
40	303
40	303
40	303
41	303
41	303
40	303
40	303
40	303
40	303
40	303
41	303
40	303
40	303
40	303
41	303
40	304
40	304
41	304
40	304
40	304
40	304
40	304
40	304
40	304
40	304
41	304
41	304
40	304
40	304
40	304
40	304
40	304
41	304
40	304
41	304
40	304
40	304
40	304
40	304
40	304
40	304
41	304
40	304
40	304
40	304
40	304
41	304
41	304
41	304
41	304
40	304
40	304
40	304
40	304
40	304
40	304
41	304
41	305
41	305
40	305
41	305
40	305
40	305
40	305
41	305
40	305
40	305
40	305
40	305
40	305
41	305
41	305
41	305
41	305
40	305
41	305
41	305
41	305
41	305
40	305
40	305
41	305
41	305
41	305
40	305
41	306
41	306
40	306
40	306
41	306
41	306
41	306
41	306
41	306
41	306
40	306
41	306
41	306
41	306
41	306
40	306
40	306
40	306
41	306
26	306
40	306
41	306
41	306
41	306
41	306
41	306
40	306
41	306
40	306
41	306
27	306
40	306
40	306
41	306
40	306
41	307
41	307
41	307
40	307
41	307
27	307
41	307
27	307
40	307
27	307
40	307
27	307
41	307
28	307
28	307
40	307
27	307
27	307
41	307
40	307
41	307
41	307
41	307
27	307
40	307
26	307
27	307
26	307
27	307
41	307
26	307
41	307
26	308
25	308
41	308
26	308
41	308
26	308
27	308
26	308
25	308
27	308
26	308
27	308
27	308
26	308
25	308
26	308
25	308
27	308
27	308
41	308
27	308
27	308
25	308
24	308
28	308
26	309
25	309
25	309
26	309
25	309
25	309
26	309
25	309
26	309
25	309
26	309
26	309
25	309
26	309
25	309
25	309
25	309
25	309
26	309
26	309
26	309
26	309
26	309
26	309
26	309
26	309
25	309
26	309
25	309
27	309
26	309
25	310
25	310
25	310
25	310
25	310
27	310
25	310
25	310
25	310
25	310
25	310
25	310
25	310
25	310
25	310
25	310
25	310
26	310
25	310
25	310
25	310
25	310
25	310
25	310
25	310
25	310
25	310
25	310
25	310
25	310
25	310
25	310
25	310
25	310
25	310
25	310
26	310
25	310
25	310
25	310
26	310
25	310
25	310
25	310
25	310
25	310
26	310
25	310
25	310
26	311
26	311
26	311
25	311
26	311
25	311
25	311
25	311
24	311
25	311
24	311
24	311
24	311
25	311
25	311
25	311
25	311
25	311
25	311
25	311
25	311
25	311
25	312
25	312
25	312
25	312
26	312
24	312
24	312
24	312
24	312
25	312
25	312
25	312
24	312
24	312
25	312
24	312
25	312
24	312
24	312
25	312
25	312
25	312
25	312
25	312
25	312
25	312
25	312
24	312
25	312
25	312
25	312
24	312
25	313
25	313
25	313
25	313
24	313
25	313
24	313
25	313
24	313
25	313
24	313
24	313
25	313
25	313
24	313
25	313
25	313
24	313
25	313
24	313
24	313
25	313
25	313
24	313
25	313
25	313
24	313
24	313
25	313
24	313
25	313
24	313
25	313
25	313
25	313
25	313
25	313
24	313
25	313
25	313
25	313
25	313
25	313
25	313
25	313
25	313
25	313
25	313
25	313
25	313
25	313
25	313
25	313
25	313
25	313
25	313
25	313
25	313
25	313
25	313
25	314
25	314
25	314
25	314
24	314
25	314
24	314
25	314
24	314
24	314
25	314
24	314
24	314
25	314
24	314
24	314
24	314
24	314
24	314
24	314
24	314
24	314
25	314
24	314
24	314
24	314
24	314
24	314
24	314
24	314
25	314
24	314
24	314
24	314
24	314
25	314
24	314
25	314
25	314
25	314
25	314
25	315
25	315
25	315
25	315
25	315
25	315
25	315
25	315
25	315
25	315
25	315
25	315
24	315
24	315
25	315
25	315
25	315
25	315
25	315
24	315
24	315
24	315
24	315
24	315
24	315
24	315
24	315
24	315
24	315
24	315
24	315
24	315
24	315
24	315
24	315
24	315
24	315
24	315
24	315
24	315
24	315
24	315
24	315
24	315
24	315
24	315
24	316
24	316
24	316
24	316
24	316
24	316
24	316
24	316
24	316
24	316
24	316
24	316
24	316
24	316
24	316
24	316
24	316
24	316
24	316
25	316
24	316
25	316
24	316
24	316
25	316
24	316
24	316
24	316
25	316
25	316
24	316
25	316
25	316
24	316
25	316
25	316
25	317
25	317
24	317
25	317
24	317
24	317
24	317
25	317
24	317
25	317
25	317
24	317
24	317
24	317
24	317
24	317
24	317
24	317
24	317
25	317
24	317
24	317
24	317
24	317
24	317
24	317
24	317
24	317
24	317
24	317
24	317
24	317
24	317
24	317
24	317
24	317
24	317
24	317
24	317
24	317
24	317
24	317
24	317
24	317
24	318
24	318
24	318
24	318
24	318
24	318
24	318
24	318
24	318
24	318
24	318
24	318
24	318
24	318
24	318
24	318
24	318
24	318
24	318
24	318
24	318
24	318
24	318
24	318
24	318
24	318
24	318
24	318
24	318
24	318
24	318
24	318
24	318
24	318
24	318
24	318
24	318
24	318
23	318
24	318
24	319
24	319
24	319
24	319
24	319
24	319
24	319
24	319
24	319
24	319
24	319
24	319
24	319
24	319
24	319
24	319
24	319
24	320
24	320
24	320
24	320
23	320
24	320
24	320
23	320
23	320
23	320
23	320
23	320
23	320
24	320
23	320
24	320
24	321
24	321
24	321
24	321
24	321
24	321
24	321
24	321
24	321
23	321
23	321
23	321
23	321
23	321
23	321
23	321
23	321
23	322
23	322
23	322
23	322
23	322
23	322
23	322
24	322
24	322
24	322
24	322
24	322
24	322
24	322
23	322
23	323
23	323
23	323
23	323
23	323
23	323
23	323
23	323
23	323
23	323
23	323
23	323
23	323
23	323
23	323
23	323
23	323
23	324
23	324
23	324
23	324
23	324
24	324
24	324
23	324
23	324
23	324
24	324
23	324
23	324
23	324
23	324
23	324
23	324
23	324
23	324
23	324
23	324
23	324
23	324
23	324
23	324
23	324
23	324
23	324
23	324
23	324
23	324
23	324
23	324
23	324
23	324
23	324
23	325
23	325
23	325
23	325
23	325
23	325
23	325
24	325
23	325
23	325
23	325
23	325
23	325
23	325
23	325
23	325
23	325
23	325
23	325
23	325
23	325
23	325
23	325
23	325
23	325
23	325
23	325
23	325
23	325
23	326
23	326
23	326
23	326
23	326
23	326
23	326
23	326
23	326
23	326
23	326
23	326
22	326
23	326
23	326
23	326
23	326
23	326
23	327
22	327
22	327
22	327
23	327
23	327
23	327
23	327
23	327
23	327
22	327
23	327
22	327
23	327
23	327
23	327
23	327
23	327
23	327
23	327
23	327
23	327
23	327
23	327
23	327
23	327
23	328
23	328
23	328
23	328
23	328
23	328
22	328
23	328
23	328
23	328
23	328
22	328
22	328
23	328
22	328
22	328
23	328
22	328
22	328
22	328
22	328
23	328
22	328
22	328
22	328
22	328
22	328
22	328
22	328
22	328
22	328
22	328
22	328
23	328
23	328
23	328
23	328
23	328
23	328
22	328
22	328
22	328
23	328
23	328
23	328
23	328
23	328
23	328
23	328
22	328
22	328
22	328
23	328
23	328
23	328
23	328
23	328
23	328
22	328
22	328
23	328
23	328
23	328
23	328
23	328
23	329
23	329
22	329
22	329
23	329
23	329
22	329
23	329
23	329
23	329
23	329
23	329
23	329
23	329
23	329
23	329
23	329
23	329
23	329
23	329
23	330
23	330
23	330
23	330
23	330
22	330
22	330
23	330
23	330
23	330
23	330
22	330
23	330
22	330
22	330
23	330
22	330
22	330
23	330
22	330
22	330
22	330
22	330
23	331
22	331
22	331
22	331
23	331
22	331
22	331
23	331
22	331
23	331
23	331
23	332
22	332
23	332
23	332
23	332
23	332
23	332
23	332
23	332
23	332
23	333
23	333
23	333
23	333
23	333
23	333
22	333
23	333
23	333
23	333
23	333
23	333
23	333
23	333
23	333
23	333
23	333
23	334
23	334
23	334
23	334
23	334
23	334
23	334
23	334
23	334
23	334
23	334
23	334
23	334
23	334
23	334
23	334
23	334
23	334
23	334
23	335
23	335
23	335
23	335
23	335
23	335
23	335
23	335
23	335
23	335
23	335
23	335
23	335
23	335
23	336
23	336
23	336
23	336
23	336
23	336
23	336
23	336
23	336
23	336
23	336
23	336
23	336
23	336
23	336
23	336
23	337
23	337
23	337
23	337
23	337
23	337
23	337
23	337
23	337
23	337
23	337
23	337
23	337
23	337
23	337
23	338
23	338
23	338
23	338
23	338
23	338
23	338
23	338
23	338
23	338
23	338
23	338
23	338
23	338
23	338
23	338
23	338
23	338
23	338
23	338
23	338
23	338
23	338
23	338
23	338
23	338
23	338
23	338
23	338
23	338
23	338
23	338
23	338
23	338
23	338
23	338
23	338
23	338
23	338
23	338
23	339
23	339
23	339
23	339
23	339
23	339
23	339
23	339
23	339
23	339
23	339
23	339
23	339
23	339
23	339
23	339
23	339
23	339
23	339
23	339
23	339
23	339
23	339
23	340
23	340
23	340
23	340
23	340
23	340
23	340
23	340
23	340
23	340
23	340
23	340
23	340
23	340
23	340
23	340
23	340
23	340
23	340
23	340
23	340
23	340
23	340
23	340
23	340
23	340
23	340
23	340
23	340
23	340
23	340
23	340
23	340
23	340
23	340
23	340
23	340
23	340
23	340
23	340
23	340
23	340
23	340
23	340
23	340
23	340
23	340
23	340
23	340
23	340
23	340
23	340
23	340
23	340
23	340
23	340
23	340
23	340
23	340
23	340
23	340
23	341
23	341
23	341
23	341
23	341
23	341
23	341
23	341
23	341
23	341
23	341
23	341
23	341
23	341
23	341
23	341
23	341
23	341
23	341
23	341
23	341
23	341
23	341
23	341
23	341
23	341
23	341
23	341
23	341
23	341
23	341
23	341
23	341
23	341
23	341
23	341
23	341
23	341
23	341
23	341
23	342
23	342
23	342
23	342
23	342
23	342
23	342
23	342
23	342
23	342
23	342
23	342
23	342
23	342
23	342
23	342
23	342
23	342
23	342
23	342
23	342
23	342
23	342
23	342
23	342
23	342
23	342
23	342
23	343
23	343
23	343
23	343
23	343
23	343
23	343
23	343
23	343
23	343
23	343
23	343
23	343
23	343
23	343
23	344
23	344
23	344
23	344
23	344
23	344
23	344
23	344
23	344
23	344
23	344
23	344
23	344
23	344
23	344
23	344
23	344
23	344
23	344
23	344
23	344
23	344
23	344
23	344
23	344
23	344
23	344
23	344
23	344
23	344
23	344
23	344
23	344
23	344
23	345
23	345
23	345
23	345
23	345
23	345
23	345
23	345
23	345
23	345
23	345
23	345
23	345
23	345
23	345
23	345
23	345
23	345
23	346
23	346
23	346
23	346
23	346
23	346
23	346
23	346
23	346
23	346
23	346
23	346
23	346
23	346
23	346
23	346
23	346
23	346
23	346
23	346
23	346
23	346
23	346
23	346
23	346
23	346
23	347
23	347
23	347
23	347
23	347
23	347
23	347
23	347
23	347
23	347
23	347
23	347
23	347
23	347
23	347
23	347
23	347
23	347
23	347
23	347
23	347
23	347
23	347
23	347
23	347
23	347
23	347
23	347
23	347
23	347
23	347
23	347
23	347
23	347
23	347
23	347
23	347
23	347
23	347
23	347
23	347
23	347
23	347
23	347
23	347
23	347
23	347
23	347
23	347
23	347
23	347
23	347
23	347
23	347
23	347
23	347
23	347
23	347
23	347
23	347
23	347
23	347
23	347
23	347
23	347
23	347
23	347
23	347
23	347
23	348
23	348
23	348
23	348
23	348
23	348
23	348
23	348
23	348
23	348
23	348
23	348
23	348
23	348
23	348
23	348
23	348
23	348
23	348
23	348
23	348
23	348
23	348
23	348
22	348
23	348
22	348
23	348
23	349
23	349
23	349
23	349
23	349
22	349
22	349
22	349
23	349
23	349
23	349
23	349
23	349
23	349
22	349
22	349
22	349
23	349
23	349
23	349
23	349
23	349
23	349
22	349
22	349
22	349
23	349
23	349
23	349
23	350
23	350
23	350
23	350
22	350
22	350
23	350
23	350
23	350
23	350
23	350
23	350
23	350
22	350
22	350
22	350
23	350
23	350
23	350
23	350
23	350
23	350
22	350
22	350
22	350
23	350
23	350
23	350
23	350
23	350
23	350
22	350
23	350
23	350
23	350
23	350
23	350
23	350
23	350
23	350
23	350
23	350
23	351
23	351
23	351
23	351
23	351
23	351
23	351
23	351
23	351
23	351
23	351
23	351
23	351
23	351
23	351
23	351
23	351
23	351
23	351
23	351
23	351
23	351
23	351
23	351
23	351
23	352
23	352
23	352
23	352
23	352
23	352
23	352
23	352
23	352
23	352
23	352
23	352
23	352
23	352
23	352
23	352
23	352
23	352
23	352
23	352
23	352
23	352
23	352
23	352
23	353
23	353
23	353
23	353
23	353
23	353
23	353
23	353
23	353
23	353
23	353
23	353
23	353
23	353
23	353
23	353
23	354
23	354
23	354
23	354
23	354
23	354
23	354
23	354
23	354
23	354
23	354
23	354
23	354
23	354
23	354
23	354
23	355
23	355
23	355
23	355
23	355
23	355
23	355
23	355
23	355
23	355
23	355
23	355
23	355
23	355
23	355
23	355
23	355
23	355
23	355
23	356
23	356
23	356
23	356
23	356
23	356
23	356
23	356
23	356
23	356
24	356
23	356
23	356
23	356
24	356
23	356
24	356
23	357
24	357
23	357
23	357
24	357
24	357
23	357
24	357
24	357
24	357
24	357
24	357
24	357
24	357
24	357
24	357
24	357
24	357
24	357
24	357
24	357
24	357
24	357
24	357
23	357
24	357
24	357
24	357
24	357
24	357
24	357
24	357
24	357
24	357
24	358
24	358
24	358
24	358
24	358
24	358
24	358
24	358
24	358
24	358
24	358
24	358
24	358
24	358
24	358
24	359
24	359
23	359
24	359
24	359
24	359
24	359
24	359
24	359
24	359
24	359
23	359
24	359
24	359
24	359
24	360
24	360
24	360
24	360
24	360
24	360
24	360
24	360
24	360
24	360
24	360
24	360
24	360
24	360
24	360
24	360
24	360
24	360
24	360
24	360
24	360
24	360
24	360
24	360
24	360
24	360
24	360
24	360
24	360
24	360
24	360
24	360
24	360
24	360
24	360
24	360
24	360
24	360
24	360
24	360
24	360
24	360
24	360
24	360
24	360
24	360
24	360
24	360
24	360
24	360
24	360
23	360
24	360
24	360
24	360
24	360
24	360
24	360
24	361
23	361
23	361
24	361
24	361
24	361
24	361
24	361
24	361
24	361
24	361
24	361
24	361
24	361
24	361
24	361
24	361
24	361
24	361
24	361
24	361
24	361
24	361
24	361
24	361
24	361
24	361
24	361
24	361
24	361
24	361
24	361
24	361
24	361
24	361
24	361
24	361
24	361
24	361
24	361
24	361
24	361
24	361
24	361
24	361
24	361
24	361
24	361
24	361
24	361
24	361
24	361
24	361
24	361
24	361
24	361
24	361
24	361
24	361
24	361
24	361
24	361
24	361
24	361
24	361
24	361
23	361
24	361
24	361
24	361
24	361
24	361
24	361
24	361
24	361
24	361
24	361
24	361
24	361
24	361
24	361
24	361
24	361
24	361
24	361
24	361
24	361
24	361
24	361
24	361
24	361
24	361
24	361
24	361
24	361
24	361
23	361
24	361
24	361
24	361
24	361
24	361
24	361
24	361
24	361
24	361
24	361
24	361
24	361
24	361
24	361
24	361
24	361
24	361
24	361
24	361
24	361
24	361
24	361
24	361
23	361
23	361
24	361
24	361
24	361
24	361
24	361
24	361
24	361
23	361
23	361
24	361
24	361
23	361
24	361
24	361
24	361
24	361
24	361
24	361
24	361
24	361
24	361
24	361
24	361
24	361
24	361
24	361
24	361
24	361
24	361
24	361
24	361
24	361
24	361
24	361
24	361
24	361
24	361
24	361
24	361
24	361
24	361
24	361
24	361
24	361
24	361
24	361
24	361
24	361
24	361
24	361
24	361
24	361
24	361
24	361
24	361
24	361
24	361
24	361
24	361
24	361
24	361
24	361
23	361
23	361
24	361
24	361
24	361
24	361
24	361
24	361
24	361
23	361
23	361
24	361
24	361
24	361
24	361
24	361
24	361
24	361
24	361
24	361
24	361
24	361
24	361
24	361
24	361
24	361
24	361
24	361
24	361
24	361
24	361
24	361
24	361
24	361
24	361
24	361
24	361
24	361
24	361
24	361
24	361
24	361
24	361
24	361
24	361
24	361
24	361
24	361
24	361
24	361
24	361
24	361
24	361
24	361
24	361
24	361
24	361
24	361
24	361
24	361
24	361
24	361
24	361
24	361
23	361
23	361
24	361
24	361
24	361
24	361
24	361
24	361
24	361
23	361
23	361
24	361
24	361
24	361
24	361
24	361
24	361
24	361
24	361
24	361
24	361
24	361
24	361
24	361
23	361
24	361
24	361
24	361
23	361
24	361
24	361
24	361
24	361
24	361
24	361
23	361
23	361
24	361
24	361
24	361
24	361
24	361
24	361
24	361
24	361
24	361
24	361
24	361
24	361
24	361
24	361
24	361
24	361
24	361
24	361
24	361
24	361
24	361
24	361
24	361
24	361
24	361
24	361
24	361
24	361
24	361
24	361
24	361
24	361
24	361
24	361
24	361
24	361
23	361
23	361
24	361
