43	-1
43	-1
43	-1
43	-1
43	-1
43	-1
43	-1
44	-1
43	-1
43	-1
43	-1
43	-1
43	-1
43	-1
43	-1
43	-1
43	-1
43	-1
43	-1
43	-1
43	-1
43	-1
43	-1
43	-1
43	-1
43	-1
43	-1
43	-1
43	-1
43	-1
43	-1
43	-1
43	-1
43	-1
43	-1
43	-1
43	-1
43	-1
43	-1
43	-1
43	-1
43	-1
43	-1
43	-1
43	-1
43	-1
43	-1
43	-1
43	-1
43	-1
43	-1
43	-1
43	-1
44	-1
44	-1
44	-1
43	-1
43	-1
44	-1
43	-1
43	-1
43	-1
43	-1
43	-1
43	-1
43	-1
43	-1
43	-1
43	-1
43	-1
43	-1
43	-1
43	-1
44	-2
43	-2
44	-2
43	-2
43	-2
43	-2
43	-2
43	-2
43	-3
44	-3
43	-3
43	-3
43	-3
43	-3
44	-3
43	-3
43	-4
43	-4
44	-4
44	-4
43	-4
44	-4
43	-4
43	-4
43	-4
43	-4
43	-4
44	-4
44	-4
43	-4
43	-4
43	-4
43	-4
43	-4
43	-5
43	-5
43	-5
43	-5
43	-5
43	-5
43	-5
43	-5
43	-5
43	-5
43	-6
43	-6
43	-6
43	-6
43	-6
44	-6
43	-6
43	-6
43	-7
43	-7
44	-7
44	-7
44	-7
44	-7
43	-7
44	-7
44	-7
43	-7
44	-7
43	-7
44	-7
44	-7
44	-7
44	-7
44	-7
44	-7
44	-8
44	-8
44	-8
44	-8
43	-8
43	-8
43	-8
44	-8
44	-8
44	-8
44	-8
44	-8
44	-8
44	-8
44	-8
44	-8
44	-9
44	-9
44	-9
43	-9
44	-9
44	-9
43	-9
44	-9
43	-9
44	-9
43	-9
44	-9
43	-9
43	-9
43	-9
43	-9
43	-9
43	-9
44	-10
43	-10
44	-10
43	-10
43	-10
43	-10
43	-10
44	-10
44	-10
44	-10
44	-10
44	-10
43	-10
44	-10
43	-10
44	-10
44	-10
43	-10
44	-10
44	-10
44	-10
44	-10
43	-10
43	-10
44	-10
44	-10
44	-10
44	-10
44	-10
44	-10
44	-10
43	-10
44	-10
44	-10
44	-10
44	-10
43	-10
44	-10
44	-10
43	-10
44	-10
44	-10
44	-10
44	-10
43	-10
43	-10
44	-11
44	-11
44	-11
44	-11
44	-11
44	-11
44	-11
43	-11
43	-11
44	-11
43	-11
43	-11
43	-11
44	-11
43	-11
43	-11
44	-11
44	-11
44	-11
44	-11
43	-11
43	-11
43	-11
43	-11
44	-11
43	-11
43	-11
43	-11
43	-11
43	-11
44	-11
44	-11
43	-11
43	-11
43	-11
44	-11
43	-11
43	-11
43	-11
44	-12
43	-12
44	-12
43	-12
43	-12
43	-12
43	-12
44	-12
43	-12
43	-12
43	-12
44	-12
43	-12
44	-12
43	-12
44	-12
44	-12
43	-12
44	-12
44	-12
43	-12
44	-12
43	-12
44	-12
43	-12
43	-12
43	-12
44	-12
43	-13
44	-13
43	-13
44	-13
44	-13
44	-13
44	-13
44	-13
44	-13
43	-13
44	-13
44	-13
44	-13
43	-13
43	-13
44	-13
43	-13
44	-14
44	-14
44	-14
44	-14
43	-14
44	-14
43	-14
43	-14
44	-14
44	-14
44	-14
44	-14
44	-14
44	-14
44	-14
44	-14
43	-14
44	-14
43	-14
44	-14
43	-14
44	-14
43	-14
44	-14
44	-14
43	-14
44	-14
43	-14
44	-14
44	-14
43	-14
44	-14
44	-14
43	-15
43	-15
44	-15
44	-15
44	-15
44	-15
44	-15
44	-15
44	-15
44	-15
44	-15
44	-15
44	-15
44	-15
44	-15
44	-15
44	-15
43	-15
44	-15
43	-15
44	-15
44	-15
44	-15
44	-15
44	-15
43	-15
43	-15
44	-15
44	-15
44	-15
43	-15
43	-15
44	-15
43	-15
44	-15
43	-15
44	-15
44	-15
44	-15
44	-16
44	-16
44	-16
44	-16
44	-16
44	-16
44	-16
44	-16
44	-16
44	-16
44	-16
43	-16
43	-16
44	-16
43	-16
43	-16
44	-16
44	-16
44	-16
44	-16
44	-16
44	-16
44	-16
44	-16
44	-16
44	-16
44	-16
44	-16
44	-16
44	-16
44	-16
44	-16
44	-16
44	-16
44	-16
43	-16
43	-16
43	-16
44	-16
44	-16
44	-16
43	-16
44	-16
44	-16
44	-16
44	-17
44	-17
44	-17
44	-17
43	-17
44	-17
44	-17
44	-17
44	-17
44	-17
44	-17
44	-17
44	-17
44	-17
44	-17
45	-17
44	-17
44	-17
45	-17
45	-17
44	-17
45	-17
45	-17
45	-17
44	-17
44	-17
45	-17
44	-17
44	-17
45	-17
45	-17
44	-17
44	-17
45	-18
44	-18
44	-18
44	-18
44	-18
45	-18
45	-18
44	-18
44	-18
45	-18
45	-18
45	-18
44	-18
44	-18
45	-18
44	-18
45	-18
44	-18
45	-18
44	-18
45	-18
44	-18
44	-18
44	-18
45	-18
44	-18
44	-18
44	-18
44	-18
44	-18
44	-18
44	-18
44	-19
44	-19
45	-19
44	-19
45	-19
44	-19
44	-19
44	-19
44	-19
44	-19
44	-19
44	-19
44	-19
44	-19
44	-19
44	-19
44	-19
44	-19
44	-19
44	-19
44	-19
44	-19
44	-19
44	-19
45	-19
44	-19
44	-19
45	-19
44	-19
44	-19
44	-19
44	-19
45	-20
45	-20
45	-20
44	-20
44	-20
44	-20
45	-20
44	-20
45	-20
44	-20
44	-20
45	-20
44	-20
44	-20
45	-20
44	-20
44	-20
44	-20
45	-20
45	-20
44	-20
44	-20
45	-20
44	-20
44	-20
44	-20
45	-20
45	-20
44	-20
44	-20
44	-20
44	-20
44	-20
44	-20
44	-19
44	-19
44	-19
44	-19
44	-19
44	-19
44	-19
44	-19
44	-19
44	-19
44	-19
44	-19
44	-19
44	-19
44	-19
44	-19
44	-19
44	-19
44	-19
44	-19
44	-19
44	-19
44	-19
45	-19
44	-19
44	-19
44	-19
44	-19
44	-19
44	-19
44	-19
44	-19
45	-19
44	-19
45	-19
44	-19
45	-19
44	-19
45	-19
44	-19
44	-19
44	-19
44	-19
44	-19
45	-19
45	-19
44	-19
44	-19
44	-19
44	-19
43	-19
44	-19
44	-19
44	-19
44	-19
43	-19
44	-19
44	-19
44	-19
44	-19
43	-19
44	-19
44	-19
44	-19
43	-19
44	-19
45	-19
44	-19
44	-19
44	-19
45	-19
44	-19
44	-19
44	-19
44	-19
44	-19
44	-19
45	-19
44	-19
44	-19
44	-19
44	-19
44	-19
45	-19
44	-19
45	-19
44	-19
44	-19
44	-19
44	-19
44	-19
43	-19
45	-19
44	-19
44	-19
45	-19
44	-19
44	-19
44	-19
44	-19
44	-19
44	-18
44	-18
44	-18
44	-18
44	-18
44	-18
44	-18
44	-18
44	-18
44	-18
43	-18
44	-18
43	-18
44	-18
44	-18
44	-18
44	-18
44	-17
44	-17
44	-17
44	-17
44	-17
44	-17
44	-17
44	-17
44	-17
44	-17
44	-17
44	-17
44	-17
44	-17
44	-17
44	-17
44	-17
44	-17
44	-17
44	-16
44	-16
44	-16
44	-16
44	-16
44	-16
43	-16
44	-16
44	-16
44	-16
44	-16
44	-16
44	-16
44	-16
43	-16
43	-16
44	-16
44	-16
44	-16
43	-16
43	-16
44	-16
44	-16
44	-15
43	-15
43	-15
43	-15
43	-15
44	-15
44	-15
44	-15
43	-15
44	-15
43	-15
43	-15
43	-15
43	-15
43	-15
43	-15
43	-15
43	-15
43	-15
43	-15
43	-15
43	-15
43	-15
43	-15
44	-15
44	-15
43	-15
43	-15
44	-14
43	-14
44	-14
44	-14
44	-14
44	-14
44	-14
44	-14
44	-14
44	-14
44	-14
44	-14
44	-14
44	-14
44	-14
44	-14
44	-14
44	-14
44	-14
44	-14
44	-14
44	-14
43	-14
44	-14
44	-14
44	-14
44	-14
44	-14
44	-14
44	-14
44	-14
44	-14
44	-14
44	-13
44	-13
44	-13
44	-13
44	-13
43	-13
43	-13
43	-13
44	-13
43	-13
43	-13
43	-13
43	-13
43	-13
43	-13
43	-13
43	-12
43	-12
43	-12
43	-12
43	-12
43	-12
43	-12
44	-12
43	-12
43	-12
43	-12
43	-12
43	-12
43	-12
43	-12
43	-12
43	-12
43	-12
43	-12
43	-12
43	-12
43	-12
43	-12
43	-12
43	-12
43	-12
43	-12
43	-12
43	-12
43	-12
43	-11
44	-11
43	-11
43	-11
44	-11
43	-11
44	-11
44	-11
44	-11
44	-11
44	-11
44	-11
44	-11
44	-11
44	-11
44	-11
44	-11
44	-11
44	-11
44	-11
43	-11
43	-11
44	-11
44	-11
44	-11
44	-11
44	-11
44	-11
44	-11
44	-11
44	-11
43	-11
44	-11
44	-11
43	-11
44	-11
44	-11
43	-11
43	-11
44	-11
43	-11
43	-11
44	-11
44	-11
43	-11
43	-11
43	-11
43	-11
43	-11
43	-11
43	-10
43	-10
43	-10
43	-10
43	-10
43	-10
43	-10
43	-10
43	-10
43	-10
43	-10
44	-10
44	-10
44	-10
44	-10
44	-10
43	-10
43	-10
44	-10
43	-10
44	-10
43	-10
44	-10
43	-10
43	-10
44	-10
43	-10
44	-9
43	-9
44	-9
43	-9
44	-9
43	-9
44	-9
44	-9
43	-9
44	-9
43	-9
44	-9
43	-9
44	-9
43	-9
44	-9
44	-9
43	-9
44	-9
44	-9
44	-9
44	-9
44	-9
43	-9
43	-9
43	-9
43	-9
44	-9
43	-9
44	-8
44	-8
44	-8
44	-8
44	-8
43	-8
43	-8
44	-8
44	-8
44	-8
44	-8
43	-8
44	-8
43	-7
43	-7
43	-7
43	-7
43	-7
44	-7
43	-7
43	-7
43	-7
43	-7
43	-7
43	-7
43	-7
43	-7
43	-7
43	-7
43	-7
43	-7
43	-7
43	-7
43	-7
43	-7
43	-7
43	-7
43	-7
43	-7
43	-7
43	-7
43	-7
43	-7
43	-7
43	-7
43	-7
43	-7
43	-7
43	-7
43	-7
43	-7
43	-7
43	-7
43	-7
43	-7
43	-7
43	-7
43	-7
43	-7
43	-6
43	-6
43	-6
43	-6
43	-6
43	-6
43	-6
43	-6
43	-6
43	-6
43	-6
43	-6
43	-6
43	-6
43	-6
43	-6
43	-6
43	-6
43	-6
43	-6
43	-6
43	-6
43	-5
43	-5
43	-5
43	-5
43	-5
43	-5
43	-5
43	-5
43	-5
43	-5
43	-5
43	-5
44	-5
43	-5
43	-5
44	-5
43	-5
44	-5
44	-5
43	-5
44	-5
44	-4
43	-4
44	-4
43	-4
43	-4
44	-4
43	-4
43	-4
44	-4
43	-4
43	-4
43	-4
43	-4
43	-4
43	-4
43	-4
43	-4
43	-4
43	-4
43	-4
43	-4
43	-4
43	-4
43	-4
43	-4
44	-4
43	-4
43	-4
44	-4
43	-4
43	-3
44	-3
43	-3
43	-3
44	-3
43	-3
43	-3
44	-3
43	-3
43	-3
44	-3
43	-3
44	-3
43	-3
43	-3
43	-3
43	-3
43	-3
43	-3
43	-3
43	-3
43	-3
43	-3
43	-3
43	-3
43	-2
43	-2
43	-2
43	-2
43	-2
43	-2
43	-2
43	-2
43	-2
43	-2
43	-2
43	-2
43	-2
43	-2
43	-2
43	-2
43	-2
43	-2
43	-2
43	-2
43	-2
43	-1
43	-1
43	-1
43	-1
43	-1
43	-1
43	-1
43	-1
43	-1
43	0
43	0
43	0
43	0
43	0
44	0
43	0
43	0
43	0
43	0
43	0
43	0
43	0
43	0
43	0
43	0
44	0
43	0
43	0
43	0
43	0
43	0
43	0
43	0
43	0
43	0
43	0
43	0
43	1
43	1
43	1
43	1
43	1
43	1
43	1
43	1
43	1
43	1
44	1
44	1
43	1
43	1
43	1
43	1
43	1
44	1
43	1
43	1
43	1
43	1
43	1
43	1
43	1
43	1
43	1
43	1
43	1
43	1
43	1
43	1
43	2
43	2
43	2
43	2
43	2
43	2
43	2
43	2
43	2
43	2
43	2
43	2
43	2
44	2
43	2
43	2
44	2
43	2
43	2
43	2
43	3
44	3
43	3
43	3
44	3
43	3
43	3
44	3
43	3
43	3
44	3
43	3
43	3
44	3
43	3
44	3
43	3
43	3
43	3
43	3
43	3
44	3
43	3
43	3
43	3
43	4
43	4
43	4
43	4
43	4
43	4
43	4
43	4
44	4
44	4
43	4
44	4
43	4
43	4
43	4
43	4
43	4
44	4
43	5
44	5
43	5
43	5
43	5
43	5
43	5
43	5
43	5
43	5
43	5
43	5
43	5
43	5
43	5
43	5
43	5
43	5
43	5
43	5
43	5
43	5
43	5
43	5
43	5
43	5
43	5
43	6
43	6
43	6
43	6
43	6
43	6
43	6
43	6
43	6
43	6
43	6
43	6
43	6
43	6
43	6
43	6
43	6
43	6
43	6
43	6
43	6
44	7
43	7
43	7
43	7
43	7
43	7
43	7
43	7
43	7
43	7
43	7
43	7
43	7
43	7
43	7
43	7
43	7
43	7
43	7
43	7
43	7
43	7
43	7
43	7
43	7
43	7
44	7
43	7
43	7
43	7
43	7
43	7
43	7
43	7
43	7
43	7
43	7
43	7
43	7
44	7
43	7
43	7
44	7
43	7
43	7
44	7
43	7
43	7
44	7
43	8
44	8
43	8
43	8
44	8
43	8
43	8
43	8
43	8
43	8
44	8
43	8
44	8
43	8
43	8
44	8
43	8
43	8
43	8
43	8
43	8
44	8
43	8
44	8
43	8
43	8
43	8
43	8
43	8
44	8
43	8
43	8
43	9
43	9
43	9
43	9
43	9
43	9
43	9
43	9
43	9
43	9
44	9
43	9
43	9
44	9
43	9
44	9
44	9
43	9
44	9
43	9
43	9
44	9
43	9
43	9
44	9
43	9
44	9
43	9
43	9
43	9
44	9
43	9
44	9
43	9
43	9
43	9
43	9
43	9
44	9
43	9
43	9
44	9
43	9
44	9
43	10
43	10
43	10
43	10
43	10
43	10
43	10
43	10
43	10
43	10
43	10
43	10
43	10
43	10
43	10
43	10
43	10
43	10
43	10
43	10
43	10
43	10
43	10
43	10
43	10
43	10
43	10
43	11
43	11
43	11
43	11
43	11
43	11
43	11
43	11
43	11
43	11
43	11
43	11
43	11
43	11
43	11
43	11
43	11
43	11
43	11
43	11
43	11
43	11
43	11
43	11
43	11
43	11
43	11
43	11
43	11
43	11
43	11
43	11
43	11
43	11
43	11
43	11
43	11
43	11
43	11
43	11
43	11
43	11
43	11
43	11
43	11
43	11
43	11
43	11
43	11
43	11
43	11
43	12
43	12
43	12
43	12
43	12
43	12
43	12
43	12
43	12
43	12
43	12
43	12
43	12
43	12
43	12
43	12
43	12
43	12
43	12
43	12
43	12
43	12
43	12
44	12
43	13
44	13
43	13
43	13
43	13
43	13
43	13
43	13
43	13
43	13
43	13
43	13
43	13
44	13
43	13
43	13
43	13
43	13
43	13
43	13
43	13
43	13
43	13
43	13
43	13
43	13
43	13
43	14
43	14
43	14
43	14
43	14
43	14
43	14
43	14
43	14
43	14
43	14
43	14
43	14
43	14
43	14
43	14
43	14
43	14
43	14
43	14
43	14
43	14
43	14
43	14
43	14
43	14
43	14
43	14
43	14
43	14
43	14
43	14
43	14
44	14
43	14
43	14
44	15
44	15
43	15
44	15
44	15
43	15
43	15
44	15
43	15
44	15
44	15
44	15
43	15
44	15
43	15
44	15
43	15
43	15
44	15
44	15
44	15
44	15
44	15
44	15
44	15
43	15
43	15
44	15
44	15
43	15
44	16
44	16
44	16
44	16
44	16
43	16
43	16
44	16
44	16
44	16
44	16
44	16
44	16
44	16
44	16
44	16
44	16
44	16
44	16
44	16
44	16
44	16
44	16
44	16
44	16
43	16
44	16
44	16
43	16
44	16
44	16
43	16
43	16
43	16
43	16
43	17
43	17
43	17
43	17
43	17
43	17
43	17
43	17
43	17
43	17
43	17
43	17
43	17
43	17
43	17
43	17
43	17
43	17
43	18
43	18
43	18
43	18
43	18
43	18
44	18
44	18
44	18
44	18
43	18
44	18
44	18
44	18
43	19
44	19
44	19
44	19
44	19
44	19
44	19
44	19
44	19
44	19
44	19
44	19
44	19
44	19
44	19
44	19
44	19
44	20
44	20
44	20
44	20
44	20
44	20
44	20
44	20
44	20
44	20
44	20
44	20
44	20
44	20
44	20
44	20
44	20
44	20
45	20
45	20
44	20
44	21
44	21
44	21
44	21
44	21
44	21
44	21
44	21
44	21
44	21
45	21
45	21
44	21
44	21
45	21
44	21
44	21
44	21
44	21
44	21
45	21
45	21
45	21
45	21
45	22
45	22
45	22
45	22
45	22
45	22
45	22
45	22
45	22
44	22
44	22
44	22
44	22
44	22
44	22
44	22
45	22
45	23
45	23
44	23
44	23
44	23
44	23
44	23
44	23
45	23
45	23
45	23
46	23
46	23
46	23
46	23
45	23
46	23
46	24
46	24
46	24
46	24
46	24
46	24
45	24
46	24
45	24
45	24
46	24
45	24
45	24
45	24
45	24
46	24
46	24
45	24
44	24
45	24
46	24
45	24
46	24
45	24
45	24
46	24
46	24
46	24
45	24
46	25
45	25
45	25
45	25
45	25
45	25
45	25
45	25
45	25
45	25
45	25
48	25
45	25
45	25
45	25
45	25
45	25
47	25
45	25
47	25
47	25
47	25
46	25
46	25
46	26
46	26
46	26
46	26
46	26
45	26
46	26
45	26
46	26
45	26
45	26
45	26
46	26
45	26
46	26
45	26
45	26
46	26
45	26
45	26
45	26
45	26
46	26
45	26
45	26
45	26
46	26
46	26
47	26
46	26
45	27
45	27
45	27
46	27
46	27
45	27
45	27
45	27
45	27
45	27
45	27
45	27
45	27
45	27
45	27
45	27
45	27
45	27
45	27
45	27
45	27
45	27
45	27
45	27
46	27
47	27
47	27
47	27
47	27
47	27
47	27
47	27
47	27
47	27
47	27
47	27
47	27
46	27
47	28
46	28
46	28
47	28
47	28
47	28
47	28
47	28
46	28
46	28
47	28
46	28
47	28
46	28
47	28
47	28
47	28
47	28
47	28
46	28
46	28
47	28
46	28
46	28
46	28
46	28
46	28
46	28
46	28
47	28
46	28
46	28
46	28
46	28
46	28
46	28
46	28
46	28
47	28
46	28
46	28
46	28
46	28
46	28
46	28
46	28
46	28
46	28
46	28
46	28
84	28
46	28
46	28
46	28
46	28
46	28
46	28
46	28
46	28
46	28
47	28
46	28
46	28
46	28
46	28
46	28
46	28
46	28
46	28
46	28
46	28
46	28
46	29
46	29
46	29
46	29
46	29
194	29
48	29
46	29
46	29
195	29
46	29
48	29
48	29
48	29
48	29
47	29
48	29
46	29
46	29
48	29
48	29
46	29
48	29
46	29
48	29
46	29
48	29
47	29
48	29
47	30
194	30
48	30
48	30
193	30
48	30
194	30
193	30
193	30
94	30
194	30
194	30
47	30
47	30
47	30
47	30
47	30
47	30
47	30
47	30
47	30
47	30
48	30
48	30
47	30
47	30
48	30
47	30
47	30
47	30
48	30
47	30
47	30
47	30
47	30
47	30
194	30
193	30
46	30
47	30
47	30
47	30
47	30
47	30
47	30
46	30
46	30
46	30
46	30
46	30
47	30
46	30
194	30
46	30
48	30
46	30
46	30
46	30
46	30
46	30
48	30
46	30
46	30
46	30
46	30
46	30
46	31
46	31
46	31
47	31
46	31
48	31
49	31
49	31
94	31
49	31
49	31
48	31
95	31
48	31
194	31
94	31
48	31
193	31
118	31
48	31
94	31
117	31
94	31
94	31
48	31
48	31
47	31
48	31
94	31
47	31
48	31
94	31
95	31
96	31
94	31
94	31
94	31
48	31
95	31
95	31
192	31
95	31
96	31
96	32
95	32
96	32
96	32
101	32
96	32
94	32
96	32
96	32
94	32
94	32
94	32
95	32
95	32
94	32
101	32
95	32
95	32
96	33
96	33
96	33
95	33
95	33
74	33
94	33
95	33
74	33
94	33
95	33
96	33
95	33
96	33
95	33
95	33
96	34
94	34
94	34
96	34
94	34
94	34
96	34
95	34
97	34
96	34
94	34
94	34
96	34
96	34
96	34
94	34
94	34
94	34
94	34
94	34
94	34
94	34
95	34
94	34
95	34
94	34
94	34
94	34
95	34
95	34
94	34
94	34
95	34
94	34
94	34
94	34
94	34
95	34
95	34
95	34
95	34
94	35
96	35
96	35
93	35
94	35
93	35
93	35
96	35
96	35
94	35
94	35
94	34
93	34
94	34
93	34
93	34
94	34
93	34
94	34
94	34
96	34
96	34
93	34
96	34
94	34
93	34
94	34
95	34
95	34
95	34
94	34
74	33
94	33
95	33
101	33
100	33
100	32
100	32
100	32
95	32
102	32
95	32
94	32
95	32
94	32
101	32
101	32
94	32
95	32
95	32
94	32
94	32
94	32
94	32
48	31
95	31
95	31
94	31
95	31
48	31
48	31
48	31
49	31
48	31
94	31
48	31
95	31
94	31
94	31
49	31
49	31
94	31
94	31
48	31
49	31
47	31
46	31
100	31
49	31
96	31
101	31
100	31
94	31
94	30
47	30
47	30
47	30
96	30
47	30
82	30
95	30
95	30
48	30
94	30
47	30
100	30
48	29
48	29
47	29
48	29
48	29
48	29
48	29
48	29
48	29
46	29
48	29
46	29
46	29
46	29
47	29
46	29
46	29
49	28
46	28
46	28
47	28
102	28
47	28
46	28
48	28
46	28
49	28
46	28
49	28
46	28
46	28
46	28
46	28
46	28
46	28
46	27
46	27
46	27
46	27
46	27
46	27
46	27
46	27
46	27
47	27
46	27
47	27
46	27
46	27
46	27
47	27
46	26
46	26
47	26
46	26
46	26
46	26
46	26
46	26
47	26
46	26
47	26
46	26
46	26
46	26
46	26
47	26
47	26
45	26
46	26
46	26
47	25
47	25
47	25
46	25
46	25
46	25
45	25
46	25
47	25
46	25
46	25
46	25
46	25
47	25
46	25
47	25
47	25
47	25
45	25
45	25
45	25
45	25
45	25
45	25
45	25
45	25
45	24
45	24
45	24
45	24
45	24
45	24
45	24
45	24
45	24
46	24
45	24
46	24
46	24
46	24
45	24
45	24
45	24
46	24
46	24
46	24
46	24
45	23
46	23
46	23
45	23
45	23
45	23
44	23
45	23
44	23
44	23
45	22
44	22
44	22
44	22
45	22
45	22
45	22
46	22
45	22
45	22
44	21
45	21
44	21
44	21
44	21
44	21
44	21
44	21
44	21
44	21
44	21
45	21
45	20
44	20
44	20
45	20
45	20
45	20
45	20
45	20
45	20
45	20
45	20
45	20
45	20
45	20
45	20
45	20
45	20
45	20
45	20
45	20
45	20
45	20
44	20
45	20
45	19
44	19
45	19
44	19
45	19
45	19
44	19
45	19
44	19
44	19
44	19
44	19
44	19
44	19
44	19
43	19
44	18
45	18
44	18
44	18
44	18
44	18
44	18
44	18
43	18
44	18
44	18
44	18
44	17
43	17
45	17
44	17
44	17
44	17
44	17
44	17
44	17
43	17
43	17
43	16
43	16
43	16
43	16
43	16
43	16
44	16
44	16
43	16
43	16
43	16
44	16
44	16
44	16
44	16
44	16
44	16
44	15
44	15
44	15
44	15
44	15
44	15
44	15
44	15
44	15
44	15
44	15
44	15
44	15
44	15
44	15
44	15
44	15
44	15
44	15
44	15
44	15
44	15
44	15
44	15
44	15
43	15
44	15
43	15
43	14
43	14
43	14
43	14
43	14
43	14
43	14
43	14
43	14
43	14
43	14
43	14
43	14
43	14
43	14
43	13
43	13
43	13
43	13
43	13
43	13
43	13
43	13
43	13
43	13
43	13
43	13
43	13
43	13
43	13
43	13
43	13
43	13
43	13
43	13
43	13
43	13
43	13
43	13
44	13
43	13
43	13
43	13
43	12
43	12
43	12
43	12
43	12
43	12
43	12
44	12
43	12
43	12
44	12
43	12
43	12
43	12
43	12
43	12
43	12
43	12
43	12
43	11
43	11
43	11
43	11
43	11
43	11
43	11
43	11
43	11
43	11
43	11
43	11
43	11
43	11
43	11
43	11
43	11
43	11
43	11
43	11
44	11
44	10
43	10
44	10
43	10
43	10
43	10
43	10
43	10
43	10
43	10
43	10
44	10
43	10
43	10
44	10
43	10
43	10
43	10
43	10
43	10
43	9
44	9
43	9
43	9
44	9
43	9
43	9
43	9
43	9
43	9
43	9
43	9
43	9
43	9
43	9
43	9
44	8
43	8
44	8
43	8
43	8
43	8
43	8
43	8
43	8
43	8
44	8
43	8
43	8
44	8
43	8
44	8
43	7
43	7
43	7
43	7
43	7
43	7
43	7
43	7
44	7
43	7
43	7
43	7
43	7
43	7
43	7
43	7
43	7
43	7
43	7
43	7
43	7
43	7
43	6
43	6
43	6
43	6
43	6
43	6
43	6
43	6
43	6
43	6
43	6
43	6
43	6
43	6
43	6
43	6
43	6
43	6
43	6
43	5
43	5
43	5
43	5
43	5
43	5
43	5
43	5
43	5
43	5
43	5
43	5
43	5
43	4
43	4
43	4
43	4
43	4
43	4
43	4
43	4
43	4
43	4
43	4
43	4
43	4
43	4
43	3
43	3
43	3
43	3
43	3
43	3
43	3
43	3
43	3
43	3
43	3
43	3
43	3
43	3
43	3
43	3
43	3
43	3
43	2
43	2
43	2
43	2
43	2
43	2
43	2
43	2
43	2
43	2
43	2
43	2
43	2
43	2
43	2
43	2
43	2
43	2
43	2
43	2
42	2
43	1
43	1
43	1
43	1
43	1
43	1
43	1
43	1
43	1
43	1
43	1
43	1
43	1
43	1
43	1
43	1
43	1
43	1
43	1
43	1
43	1
43	1
42	1
42	1
43	1
43	1
43	1
43	1
42	1
43	1
43	1
43	1
42	1
43	1
42	1
43	1
43	0
43	0
43	0
42	0
43	0
43	0
43	0
42	0
43	0
43	0
43	0
43	0
43	0
43	0
43	0
43	0
43	0
43	0
43	0
43	0
43	0
43	0
43	0
43	0
43	0
43	0
43	0
42	0
43	0
43	0
43	0
43	0
43	0
43	0
43	0
43	0
43	0
43	0
43	-1
43	-1
43	-1
43	-1
43	-1
43	-1
43	-1
43	-1
43	-1
43	-1
43	-1
43	-1
42	-1
43	-1
43	-1
42	-1
43	-1
43	-1
43	-1
43	-1
43	-1
43	-1
43	-2
43	-2
43	-2
43	-2
43	-2
43	-2
43	-2
43	-2
43	-2
43	-2
43	-2
43	-2
42	-2
43	-2
43	-2
43	-2
42	-2
43	-2
43	-2
43	-2
43	-3
43	-3
42	-3
43	-3
43	-3
43	-3
43	-3
43	-3
43	-3
43	-3
43	-3
42	-3
42	-3
43	-3
43	-3
42	-3
42	-3
42	-3
43	-3
42	-3
42	-3
43	-3
43	-3
43	-3
43	-4
43	-4
42	-4
43	-4
42	-4
42	-4
42	-4
43	-4
43	-4
42	-4
43	-4
43	-4
42	-4
43	-4
42	-4
43	-5
42	-5
43	-5
42	-5
43	-5
42	-5
42	-5
43	-5
43	-5
43	-5
42	-5
43	-5
43	-5
42	-5
43	-6
42	-6
43	-6
43	-6
43	-6
43	-6
42	-6
43	-6
42	-6
42	-6
43	-6
43	-6
43	-6
43	-6
43	-6
43	-6
43	-6
43	-6
42	-6
43	-6
42	-6
42	-6
43	-6
42	-6
43	-6
43	-6
42	-6
43	-6
43	-6
43	-6
43	-6
42	-6
43	-6
43	-6
42	-6
43	-6
42	-7
43	-7
42	-7
42	-7
42	-7
43	-7
43	-7
43	-7
42	-7
43	-7
43	-7
42	-7
43	-7
42	-7
43	-7
43	-7
42	-7
43	-8
42	-8
43	-8
43	-8
43	-8
43	-8
43	-8
42	-8
42	-8
43	-8
43	-9
43	-9
43	-9
42	-9
43	-9
43	-9
42	-9
43	-9
43	-9
43	-9
43	-9
43	-9
43	-9
43	-9
43	-9
43	-9
43	-9
43	-9
43	-9
43	-9
43	-9
43	-9
42	-9
43	-10
43	-10
43	-10
43	-10
43	-10
43	-10
43	-10
43	-10
43	-10
43	-10
43	-10
43	-10
43	-10
43	-10
43	-10
43	-10
43	-10
43	-10
43	-10
43	-10
43	-11
43	-11
43	-11
43	-11
43	-11
43	-11
43	-11
43	-11
43	-11
43	-11
43	-11
43	-11
43	-11
43	-11
43	-11
43	-11
43	-11
43	-11
43	-11
43	-12
43	-12
43	-12
43	-12
43	-12
43	-12
43	-12
43	-12
43	-12
43	-12
43	-12
43	-12
43	-12
43	-12
43	-12
43	-12
43	-12
43	-12
43	-12
43	-12
43	-12
43	-12
43	-12
43	-12
43	-12
43	-12
43	-12
43	-13
43	-13
43	-13
43	-13
43	-13
43	-13
43	-13
43	-13
43	-13
43	-13
43	-13
43	-13
43	-13
43	-13
0	-12
43	-12
43	-12
43	-12
43	-12
43	-12
43	-12
43	-12
43	-12
43	-12
43	-12
43	-12
43	-12
43	-12
43	-12
43	-12
43	-12
43	-12
43	-12
43	-12
43	-12
43	-12
43	-12
43	-12
43	-12
43	-12
43	-12
43	-12
43	-12
43	-12
43	-12
43	-12
43	-12
43	-12
43	-12
43	-11
43	-11
43	-11
43	-11
43	-11
43	-11
43	-11
43	-11
43	-11
43	-11
43	-11
43	-11
43	-11
43	-11
43	-11
43	-11
43	-11
43	-11
43	-11
43	-11
43	-11
43	-11
43	-11
43	-11
43	-11
43	-11
43	-11
43	-11
43	-11
43	-11
43	-11
43	-11
43	-11
43	-11
43	-11
43	-11
43	-11
43	-11
43	-11
43	-11
43	-11
43	-11
43	-11
43	-11
43	-11
43	-11
43	-11
43	-11
43	-11
43	-11
43	-11
43	-11
43	-11
43	-11
43	-11
43	-11
43	-11
43	-11
43	-11
43	-11
43	-11
43	-11
43	-11
43	-11
43	-11
43	-11
43	-11
43	-11
43	-11
43	-11
43	-11
43	-10
43	-10
43	-10
43	-10
43	-10
43	-10
43	-10
43	-10
43	-10
43	-10
43	-10
43	-10
43	-10
43	-10
43	-10
43	-10
43	-10
43	-10
43	-10
43	-10
43	-10
43	-10
43	-10
43	-10
43	-10
43	-10
43	-10
43	-10
43	-10
43	-10
43	-10
43	-10
43	-10
43	-10
43	-10
43	-10
43	-10
43	-10
43	-10
43	-10
44	-10
43	-10
43	-10
43	-10
43	-10
43	-10
43	-10
43	-10
43	-10
43	-10
43	-10
43	-10
43	-10
43	-10
43	-10
43	-10
43	-10
43	-10
44	-10
43	-10
44	-10
43	-10
44	-10
44	-10
43	-10
44	-10
44	-10
43	-10
44	-10
44	-10
43	-10
43	-9
43	-9
43	-9
43	-9
43	-9
43	-9
43	-9
43	-9
43	-9
43	-9
43	-9
43	-9
43	-9
43	-9
43	-9
43	-9
43	-9
43	-9
43	-9
43	-9
43	-9
43	-9
43	-9
43	-9
43	-9
43	-9
43	-9
43	-9
43	-9
43	-9
44	-9
44	-9
43	-9
43	-9
44	-9
44	-9
44	-9
44	-9
44	-9
44	-9
43	-9
44	-9
43	-9
43	-9
43	-9
43	-9
43	-9
43	-9
43	-9
43	-9
44	-9
43	-9
43	-9
43	-9
44	-9
43	-9
43	-9
43	-9
43	-9
43	-9
43	-9
43	-9
43	-9
43	-9
43	-9
44	-9
44	-9
43	-9
44	-9
44	-9
44	-9
44	-8
43	-8
43	-8
44	-8
44	-8
43	-8
43	-8
43	-8
43	-8
43	-8
43	-8
43	-8
43	-8
43	-8
43	-8
43	-8
43	-8
43	-8
43	-8
43	-8
43	-8
43	-8
43	-8
43	-8
43	-8
43	-8
43	-8
43	-8
43	-8
43	-8
43	-8
43	-8
43	-8
43	-8
43	-8
43	-8
43	-8
43	-8
43	-8
43	-8
43	-8
43	-8
43	-8
43	-8
43	-8
43	-8
43	-8
43	-8
43	-8
43	-8
43	-8
43	-8
43	-8
43	-8
43	-8
43	-8
43	-8
43	-8
43	-8
43	-8
43	-8
43	-8
43	-8
43	-8
43	-8
43	-8
43	-8
43	-8
43	-8
43	-8
43	-8
43	-8
43	-7
43	-7
43	-7
43	-7
43	-7
43	-7
43	-7
43	-7
43	-7
43	-7
43	-7
43	-7
43	-7
43	-7
43	-7
43	-7
43	-7
43	-7
43	-7
43	-7
43	-7
43	-7
43	-7
43	-7
43	-7
43	-7
43	-7
43	-7
43	-7
43	-7
43	-7
43	-7
43	-7
43	-7
43	-7
43	-7
43	-7
43	-7
43	-7
42	-7
43	-7
43	-7
43	-7
43	-7
42	-7
43	-7
43	-7
43	-7
43	-7
42	-7
43	-7
43	-7
43	-7
43	-7
42	-7
42	-7
42	-7
43	-7
43	-7
43	-7
43	-7
43	-7
43	-7
43	-7
43	-7
43	-7
43	-7
43	-7
43	-7
43	-7
43	-7
43	-7
43	-6
43	-6
43	-6
43	-6
43	-6
43	-6
43	-6
43	-6
43	-6
43	-6
42	-6
43	-6
43	-6
43	-6
43	-6
42	-6
43	-6
43	-6
43	-6
43	-6
43	-6
43	-6
43	-6
43	-6
43	-6
43	-6
43	-6
43	-6
43	-6
43	-6
43	-6
43	-6
43	-6
43	-6
43	-6
43	-6
43	-6
43	-6
43	-6
43	-6
43	-6
43	-6
43	-6
43	-6
43	-6
43	-6
43	-6
43	-6
43	-6
43	-6
43	-6
43	-6
43	-6
43	-6
43	-6
43	-6
43	-6
43	-6
43	-6
43	-6
43	-6
43	-6
43	-6
43	-6
43	-6
43	-6
43	-6
43	-6
43	-6
43	-6
43	-6
43	-6
43	-5
43	-5
43	-5
43	-5
43	-5
43	-5
43	-5
43	-5
43	-5
43	-5
43	-5
43	-5
43	-5
43	-5
43	-5
43	-5
43	-5
43	-5
43	-5
43	-5
43	-5
43	-5
43	-5
43	-5
43	-5
43	-5
43	-5
43	-5
43	-5
43	-5
43	-5
43	-5
43	-5
43	-5
43	-5
43	-5
43	-5
43	-5
43	-5
43	-5
43	-5
43	-5
43	-5
43	-5
43	-5
42	-5
43	-5
43	-5
43	-5
43	-5
43	-5
43	-5
43	-5
42	-5
43	-5
43	-5
43	-5
43	-5
43	-5
43	-5
43	-5
43	-5
43	-5
43	-5
43	-5
43	-5
43	-5
43	-5
43	-5
43	-5
43	-5
43	-4
43	-4
43	-4
43	-4
43	-4
43	-4
43	-4
43	-4
43	-4
42	-4
43	-4
43	-4
43	-4
43	-4
43	-4
43	-4
43	-4
43	-4
43	-4
43	-4
43	-4
43	-4
43	-4
43	-4
43	-4
43	-4
43	-4
43	-4
43	-4
43	-4
43	-4
43	-4
43	-4
43	-4
43	-4
43	-4
43	-4
43	-4
43	-4
43	-4
43	-4
43	-4
43	-4
43	-4
43	-4
43	-4
43	-4
43	-4
43	-4
43	-4
43	-4
43	-4
43	-4
43	-4
43	-4
43	-4
43	-4
43	-4
43	-4
43	-4
43	-4
43	-4
43	-4
43	-4
43	-4
43	-4
43	-4
43	-4
43	-4
43	-4
43	-4
43	-4
43	-3
43	-3
43	-3
43	-3
43	-3
43	-3
43	-3
43	-3
43	-3
43	-3
43	-3
43	-3
43	-3
43	-3
43	-3
43	-3
43	-3
43	-3
43	-3
43	-3
43	-3
43	-3
43	-3
43	-3
43	-3
43	-3
43	-3
43	-3
43	-3
43	-3
43	-3
43	-3
43	-3
43	-3
43	-3
43	-3
43	-3
43	-3
43	-3
43	-3
43	-3
43	-3
43	-3
43	-3
43	-3
43	-3
43	-3
43	-3
43	-3
43	-3
43	-3
43	-3
43	-3
43	-3
43	-3
43	-3
43	-3
43	-3
43	-3
43	-3
43	-3
43	-3
43	-3
43	-3
43	-3
43	-3
43	-3
43	-3
43	-3
43	-3
43	-3
43	-3
43	-2
43	-2
43	-2
43	-2
43	-2
42	-2
43	-2
43	-2
43	-2
43	-2
43	-2
43	-2
43	-2
43	-2
43	-2
43	-2
43	-2
42	-2
43	-2
42	-2
43	-2
43	-2
43	-2
43	-2
43	-2
43	-2
43	-2
43	-2
43	-2
43	-2
43	-2
43	-2
43	-2
43	-2
43	-2
43	-2
42	-2
43	-2
43	-2
43	-2
43	-2
42	-2
43	-2
43	-2
43	-2
43	-2
42	-2
43	-2
43	-2
43	-2
43	-2
43	-2
43	-2
43	-2
43	-2
43	-2
43	-2
43	-2
42	-2
43	-2
42	-2
43	-2
43	-2
43	-2
43	-2
42	-2
43	-2
43	-2
43	-2
43	-2
43	-2
43	-2
43	-1
43	-1
43	-1
43	-1
43	-1
42	-1
43	-1
43	-1
43	-1
43	-1
43	-1
43	-1
43	-1
43	-1
43	-1
43	-1
43	-1
43	-1
43	-1
43	-1
43	-1
43	-1
43	-1
43	-1
43	-1
43	-1
43	-1
43	-1
43	-1
43	-1
43	-1
43	-1
43	-1
43	-1
43	-1
43	-1
43	-1
43	-1
43	-1
43	-1
43	-1
43	-1
43	-1
43	-1
44	-1
43	-1
43	-1
43	-1
44	-1
43	-1
43	-1
43	-1
43	-1
44	-1
43	-1
43	-1
43	-1
43	-1
43	-1
43	-1
43	-1
43	-1
43	-1
43	-1
44	-1
43	-1
43	-1
43	-1
43	-1
43	-1
44	-1
43	0
44	0
44	0
44	0
44	0
44	0
44	0
44	0
44	0
44	0
44	0
43	0
43	0
44	0
44	0
44	0
44	0
43	0
43	0
43	0
43	0
43	0
44	0
43	0
44	0
44	0
44	0
44	0
44	0
43	0
43	0
43	0
43	0
43	0
44	0
43	0
44	0
43	0
44	0
43	0
44	0
44	0
44	0
43	0
43	0
43	0
43	0
44	0
44	0
44	0
44	0
43	0
44	0
44	0
44	0
44	0
43	0
43	0
43	0
43	0
44	0
44	0
44	0
43	0
44	0
44	0
44	0
44	0
44	0
44	0
43	0
44	0
44	0
43	0
44	0
44	0
44	0
44	0
44	0
44	0
44	0
44	0
44	0
44	0
44	0
44	0
44	0
44	0
44	0
44	0
44	0
44	0
44	0
45	0
44	0
44	0
44	0
45	0
45	0
44	0
45	0
45	0
44	0
45	0
45	0
44	0
45	0
44	0
45	0
44	0
45	0
45	0
44	0
45	0
45	0
44	0
45	0
45	0
44	0
44	0
44	0
44	0
44	0
45	0
44	0
45	0
45	0
44	0
44	0
45	0
44	0
44	0
44	0
44	0
44	0
45	0
45	0
44	0
44	0
44	0
44	0
44	0
44	0
44	1
44	1
44	1
44	1
44	1
44	1
44	1
44	1
44	1
44	1
44	1
44	1
44	1
44	1
44	1
44	1
44	1
44	1
44	1
44	1
44	1
44	1
44	1
44	1
44	1
44	1
44	1
44	1
44	1
44	1
44	1
44	1
44	1
44	1
44	1
44	1
44	1
44	1
44	1
44	1
44	1
44	1
44	1
44	1
44	1
44	1
44	1
44	1
45	1
45	1
44	1
45	1
45	1
45	1
44	1
45	1
44	1
45	1
44	1
45	1
45	1
45	1
44	1
45	1
44	1
44	1
44	1
44	1
44	1
44	1
44	1
44	2
44	2
44	2
44	2
45	2
45	2
45	2
45	2
45	2
44	2
45	2
45	2
45	2
45	2
45	2
45	2
45	2
45	2
45	2
45	2
45	2
45	2
45	2
45	2
45	2
44	2
44	2
45	2
45	2
45	2
45	2
45	2
45	2
44	2
45	2
44	2
44	2
44	2
44	2
44	2
44	2
44	2
44	2
44	2
44	2
44	2
44	2
44	2
44	2
44	2
44	2
44	2
44	2
44	2
44	2
44	2
44	2
44	2
44	2
44	2
44	2
44	2
44	2
44	2
45	2
44	2
44	2
44	2
44	2
45	2
45	2
45	3
44	3
44	3
44	3
45	3
45	3
44	3
44	3
44	3
45	3
44	3
44	3
45	3
45	3
45	3
45	3
45	3
45	3
45	3
45	3
46	3
46	3
46	3
45	3
45	3
46	3
46	3
46	3
46	3
46	3
46	3
45	3
46	3
46	3
45	3
45	3
46	3
45	3
45	3
45	3
45	3
45	3
45	3
45	3
45	3
46	3
45	3
45	3
45	3
45	3
45	3
45	3
45	3
45	3
45	3
45	3
45	3
45	3
45	3
45	3
45	3
45	3
45	3
45	3
45	3
45	3
45	3
45	3
47	3
47	3
47	3
47	4
47	4
48	4
47	4
47	4
48	4
48	4
48	4
46	4
47	4
47	4
47	4
48	4
48	4
46	4
47	4
46	4
46	4
46	4
46	4
46	4
48	4
46	4
46	4
49	4
49	4
49	4
49	4
49	4
49	4
49	4
47	4
49	4
48	4
48	4
48	4
48	4
49	4
48	4
49	4
48	4
47	4
47	4
48	4
47	4
47	4
47	4
48	4
48	4
48	4
47	4
47	4
47	4
47	4
47	4
47	4
47	4
47	4
47	4
47	4
46	4
47	4
47	4
46	4
46	4
45	4
47	4
46	4
46	4
47	4
46	5
46	5
46	5
46	5
46	5
46	5
46	5
46	5
49	5
49	5
49	5
99	5
49	5
100	5
100	5
100	5
48	5
74	5
48	5
47	5
47	5
47	5
83	5
83	5
83	5
82	5
83	5
84	5
81	5
83	5
81	5
84	5
81	5
83	5
84	5
84	5
82	5
84	5
81	5
84	5
84	5
84	5
83	5
84	5
84	5
82	5
84	5
84	5
83	5
81	5
81	5
82	6
82	6
84	6
84	6
82	6
83	6
84	6
84	6
84	6
84	6
82	6
84	6
81	6
81	6
82	6
82	6
84	6
83	6
83	6
83	6
83	6
83	6
83	6
93	6
83	6
84	6
93	6
83	6
93	6
93	6
84	6
94	6
84	6
94	6
84	6
94	6
94	6
94	6
84	6
94	6
84	6
93	6
83	6
93	6
84	6
95	6
85	6
93	6
84	6
93	6
84	6
95	6
84	6
95	6
84	7
94	7
83	7
83	7
94	7
83	7
95	7
83	7
95	7
95	7
96	7
96	7
95	7
96	7
96	7
96	7
96	7
96	7
95	7
94	7
94	7
84	7
94	7
93	7
83	7
95	7
95	7
84	7
95	7
95	7
93	7
84	7
95	7
84	7
95	7
94	7
84	7
94	7
93	7
82	7
96	7
95	7
83	7
95	7
93	7
84	7
93	7
84	7
93	7
84	7
93	7
95	7
84	8
83	8
94	8
94	8
94	8
84	8
94	8
94	8
83	8
95	8
95	8
95	8
94	8
94	8
84	8
95	8
96	8
84	8
95	8
84	8
95	8
93	8
93	8
95	8
94	8
84	8
95	8
84	8
95	8
94	8
95	8
84	8
93	8
93	8
93	8
93	8
93	8
93	8
94	8
93	8
93	8
83	8
93	8
93	8
93	8
93	8
92	8
93	8
93	8
94	8
92	8
94	8
94	9
94	9
93	9
94	9
94	9
93	9
93	9
93	9
94	9
95	9
95	9
95	9
95	9
94	9
93	9
93	9
93	9
95	9
95	9
95	9
95	9
95	9
95	9
95	9
95	9
95	9
95	9
94	9
94	9
94	9
95	9
95	9
94	9
93	9
92	9
92	9
93	9
93	9
92	9
93	9
93	9
92	9
92	9
92	9
94	9
93	9
92	9
94	9
94	9
93	9
92	9
92	9
92	10
92	10
92	10
92	10
93	10
92	10
94	10
94	10
94	10
93	10
94	10
94	10
94	10
93	10
92	10
93	10
93	10
92	10
92	10
92	10
92	10
92	10
92	10
92	10
92	10
92	10
92	10
95	10
95	10
93	10
95	10
93	10
92	10
95	10
92	10
95	10
94	10
92	10
95	10
94	10
94	10
95	10
93	10
95	10
95	10
93	10
93	10
92	10
93	10
94	10
94	10
93	11
92	11
93	11
92	11
92	11
83	11
94	11
83	11
83	11
82	11
83	11
94	11
83	11
83	11
83	11
83	11
83	11
83	11
84	11
81	11
81	11
81	11
84	11
83	11
83	11
82	11
83	11
83	11
81	11
83	11
83	11
83	11
84	11
83	11
82	11
83	11
82	11
84	11
82	11
83	11
84	11
81	11
81	11
82	11
84	11
84	11
81	11
81	11
82	11
81	11
81	11
81	11
83	11
83	11
83	11
81	12
47	12
46	12
46	12
46	12
47	12
83	12
46	12
47	12
48	12
47	12
47	12
48	12
48	12
48	12
48	12
48	12
48	12
48	12
48	12
48	12
48	12
48	12
49	12
45	12
45	12
45	12
45	12
45	12
45	12
45	12
45	12
45	12
46	12
45	12
45	12
45	12
45	12
45	12
45	12
45	12
45	12
45	12
45	12
45	12
45	12
45	12
46	12
46	12
46	12
46	12
46	12
46	12
46	12
45	12
46	12
45	12
45	12
45	12
45	12
45	12
45	12
45	12
45	12
45	12
45	12
45	12
45	12
45	12
45	13
45	13
45	13
45	13
45	13
44	13
44	13
45	13
44	13
45	13
44	13
44	13
45	13
45	13
44	13
45	13
45	13
45	13
45	13
45	13
45	13
45	13
45	13
45	13
45	13
44	13
44	13
44	13
44	13
44	13
44	13
45	13
44	13
44	13
44	13
44	13
44	13
44	13
44	13
44	13
44	13
44	13
44	13
44	13
44	13
44	13
44	13
44	13
44	13
44	13
44	13
44	13
44	13
44	13
44	13
44	13
44	13
44	13
44	13
29	13
45	13
29	13
45	13
44	13
44	13
29	13
44	13
29	13
44	13
29	13
44	13
29	14
44	14
29	14
29	14
44	14
29	14
29	14
44	14
29	14
44	14
44	14
44	14
29	14
44	14
44	14
30	14
44	14
44	14
44	14
30	14
44	14
43	14
44	14
43	14
44	14
30	14
28	14
44	14
28	14
28	14
28	14
28	14
28	14
28	14
28	14
28	14
28	14
28	14
28	14
28	14
28	14
28	14
28	14
28	14
28	14
28	14
28	14
28	14
28	14
29	14
28	14
43	14
28	14
44	14
28	14
28	14
43	14
28	14
28	14
43	14
28	14
28	14
28	14
43	14
29	14
29	14
44	14
28	14
29	14
28	14
28	14
28	14
29	14
43	14
44	14
28	14
29	14
44	15
28	15
29	15
29	15
28	15
29	15
29	15
29	15
44	15
29	15
44	15
29	15
43	15
29	15
43	15
44	15
29	15
44	15
29	15
44	15
44	15
44	15
29	15
29	15
44	15
29	15
44	15
44	15
44	15
43	15
44	15
43	15
43	15
43	15
44	15
44	15
44	15
44	15
44	15
44	15
45	15
45	15
29	15
45	15
45	15
44	15
44	15
28	15
45	15
44	15
28	15
44	15
29	15
44	15
45	15
44	15
45	15
28	15
45	15
45	15
28	15
44	15
45	15
44	15
44	15
44	15
44	15
44	15
44	15
44	15
44	15
44	15
44	15
44	16
44	16
44	16
44	16
44	16
44	16
44	16
44	16
44	16
44	16
44	16
44	16
44	16
44	16
44	16
29	16
29	16
29	16
30	16
29	16
29	16
29	16
44	16
29	16
29	16
44	16
44	16
44	16
44	16
44	16
44	16
44	16
44	16
44	16
44	16
44	16
44	16
45	16
44	16
44	16
44	16
45	16
44	16
44	16
44	16
45	16
44	16
45	16
44	16
45	16
45	16
44	16
44	16
44	16
45	16
45	16
44	16
44	16
44	16
45	16
44	16
44	16
28	16
44	16
45	16
28	16
44	16
45	16
45	16
30	16
28	16
45	16
30	16
30	17
45	17
30	17
28	17
30	17
28	17
30	17
30	17
45	17
29	17
45	17
45	17
29	17
29	17
30	17
45	17
29	17
29	17
30	17
29	17
29	17
29	17
29	17
29	17
30	17
29	17
30	17
44	17
29	17
29	17
29	17
45	17
29	17
29	17
29	17
29	17
29	17
29	17
29	17
44	17
29	17
29	17
29	17
29	17
28	17
29	17
29	17
44	17
28	17
28	17
28	17
44	17
29	17
29	17
44	17
44	17
44	17
29	17
44	17
28	17
28	17
28	17
28	17
28	17
28	17
28	17
28	17
28	17
28	17
28	17
44	17
28	17
44	17
44	17
29	17
