MPU6050 status: 0
Calculating offsets, do not move Cha Cha
Done Gyro Calibration
24	0
8	0
9	0
24	0
8	0
24	0
24	0
9	0
24	0
24	0
24	0
24	0
24	0
24	0
24	0
9	0
24	0
24	0
24	0
8	0
25	0
24	0
8	0
8	0
24	0
24	0
24	0
8	0
9	0
9	0
24	0
24	0
24	0
24	0
24	0
24	0
8	0
25	0
24	0
9	0
24	0
9	0
24	0
24	0
24	0
8	0
25	0
24	0
9	0
24	0
24	0
24	0
24	0
8	0
9	0
8	0
8	0
24	0
9	0
24	0
24	0
24	0
8	0
8	0
24	0
24	0
24	0
24	0
8	0
24	0
8	0
8	0
25	0
24	0
24	0
24	0
24	0
9	0
9	0
8	0
24	0
24	0
24	0
24	0
24	0
9	0
8	0
9	0
24	0
24	0
24	0
24	0
24	0
8	0
24	0
8	0
25	0
24	0
8	0
8	0
25	0
24	0
24	0
8	0
24	0
9	0
8	0
24	0
24	0
9	0
8	0
9	0
24	0
8	0
9	0
24	0
24	0
24	0
24	0
24	0
24	0
24	0
9	0
9	0
24	0
8	0
24	0
24	0
24	0
24	0
9	0
25	0
24	0
24	0
24	0
9	0
24	0
9	0
25	0
8	0
24	0
8	0
9	0
9	0
9	0
25	0
8	0
9	0
24	0
9	0
24	0
24	0
24	0
9	0
24	0
8	0
8	0
24	0
9	0
8	0
9	0
8	0
24	0
24	0
8	0
9	0
24	0
24	0
8	0
24	0
8	0
25	0
24	0
9	0
25	0
24	0
9	0
24	0
24	0
24	0
24	0
9	0
8	0
25	0
24	0
24	0
24	0
9	0
24	0
24	0
8	0
24	0
9	0
25	0
24	0
24	0
24	0
24	0
24	0
24	0
24	0
24	0
24	0
24	0
24	0
24	0
24	0
9	0
24	0
9	0
24	0
24	0
9	0
24	0
9	0
24	0
9	0
9	0
24	0
9	0
24	0
24	0
24	0
24	0
24	0
9	0
8	0
24	0
24	0
24	0
24	0
24	0
9	0
24	0
9	0
24	0
24	0
24	0
9	0
9	0
24	0
24	0
24	0
9	0
24	0
9	0
24	0
9	0
24	0
24	0
24	0
9	0
9	0
25	0
24	0
24	0
9	0
8	0
9	0
9	0
25	0
8	0
9	0
25	0
8	0
25	0
24	0
24	0
24	0
24	0
9	0
24	0
24	0
24	0
24	0
9	0
9	0
24	0
9	0
9	0
9	0
9	0
24	0
24	0
9	0
9	0
9	0
24	0
8	0
9	0
9	0
24	0
24	0
9	0
24	0
9	0
9	0
24	0
9	0
24	0
24	0
9	0
9	0
9	0
9	0
9	0
24	0
9	0
9	0
24	0
24	0
9	0
24	0
9	0
9	0
9	0
25	0
9	0
24	0
9	0
9	0
24	0
24	0
9	0
24	0
24	0
9	0
24	0
9	0
24	0
9	0
24	0
8	0
8	0
9	0
24	0
9	0
9	0
9	0
9	0
9	0
9	0
9	0
9	0
24	0
9	0
8	0
24	0
9	0
24	0
24	0
9	0
9	0
24	0
24	0
9	0
9	0
9	0
8	0
24	0
24	0
24	0
8	0
9	0
9	0
9	0
9	0
9	0
9	0
9	0
9	0
9	0
9	0
9	0
9	0
9	0
8	0
9	0
24	0
8	0
9	0
9	0
9	0
9	0
9	0
9	0
9	0
9	0
9	0
9	0
24	0
9	0
9	0
24	0
24	0
23	0
9	0
9	0
24	0
24	0
9	0
24	0
9	0
24	0
9	0
24	0
24	0
9	0
9	0
9	0
9	0
9	0
9	0
9	0
9	0
9	0
9	0
9	0
9	0
9	0
9	0
9	0
25	0
9	0
9	0
9	0
9	0
9	0
24	0
9	0
9	0
9	0
9	0
9	0
24	0
9	0
24	0
9	0
24	0
9	0
9	0
9	0
24	0
9	0
9	0
24	0
23	0
9	0
24	0
9	0
24	0
24	1
9	1
9	1
9	1
9	1
24	1
8	1
9	1
24	1
23	1
24	1
9	1
9	1
9	1
9	1
9	1
23	1
9	1
9	1
24	1
9	1
9	1
9	1
24	1
23	1
9	1
9	1
9	1
9	1
9	1
9	1
9	1
24	1
9	1
9	1
9	1
9	1
9	1
24	1
9	1
9	1
24	1
23	1
23	1
23	1
23	1
23	1
9	1
9	1
9	1
9	1
9	1
9	1
9	1
9	1
9	1
9	1
9	1
9	1
9	1
9	1
9	2
9	2
9	2
9	2
24	2
9	2
24	2
7	2
24	2
9	2
23	2
24	2
7	2
10	2
9	3
24	3
23	3
7	3
9	3
24	3
24	3
7	3
7	3
9	3
9	3
9	3
9	3
9	3
9	3
24	3
9	3
9	3
9	3
24	3
24	3
9	3
24	3
9	3
9	3
9	3
9	3
9	3
9	3
9	3
23	3
10	3
9	3
9	3
9	3
9	3
9	3
9	4
24	4
9	4
10	4
9	4
9	4
9	4
10	4
9	4
9	4
9	5
9	5
10	5
24	5
23	5
7	5
9	5
9	5
9	5
9	5
9	5
9	5
10	5
10	5
9	5
9	5
9	5
9	5
9	6
9	6
9	6
9	6
9	6
9	6
9	6
9	6
10	6
9	6
9	6
9	6
10	6
9	6
9	6
10	6
9	6
10	6
9	6
9	6
9	6
10	6
9	6
10	6
9	6
10	6
10	6
9	7
9	7
10	7
9	7
9	7
24	7
7	7
10	7
10	7
9	7
9	7
9	7
23	7
7	7
9	7
9	8
9	8
10	8
23	8
6	8
9	8
9	8
7	8
7	8
9	8
24	8
10	8
24	8
7	8
9	9
7	9
9	9
7	9
9	9
7	9
10	9
7	9
7	9
7	9
7	9
7	10
10	10
10	10
7	10
7	10
7	10
7	10
10	10
7	10
7	10
10	10
7	10
7	10
7	10
24	10
7	10
7	10
10	10
7	10
7	10
7	10
7	11
9	11
24	11
7	11
10	11
7	11
7	11
7	11
10	11
9	11
7	11
9	11
7	11
7	11
10	11
7	11
7	11
7	11
24	11
7	11
7	11
7	11
24	11
24	12
9	12
7	12
8	12
7	12
10	12
10	12
7	12
7	12
7	12
24	12
7	12
7	12
7	12
10	12
10	12
23	12
10	12
7	12
7	12
7	12
7	12
7	12
8	12
7	12
24	12
7	12
7	12
7	12
7	12
7	13
7	13
7	13
8	13
7	13
7	13
7	13
7	13
7	13
6	13
7	13
7	13
7	13
7	14
7	14
7	14
7	14
7	14
7	14
24	14
24	14
10	14
10	14
7	14
10	14
10	14
23	14
10	14
25	14
7	14
10	14
7	14
9	14
9	14
7	14
7	15
10	15
7	15
10	15
7	15
24	15
10	15
7	15
8	15
10	15
8	15
24	15
7	15
7	15
7	15
24	15
7	15
7	16
7	16
7	16
24	16
7	16
7	16
7	16
7	16
7	16
8	16
7	16
7	16
7	16
7	16
7	16
8	16
7	16
25	16
7	17
7	17
7	17
7	17
25	17
24	17
8	17
7	17
7	17
7	17
24	17
7	17
7	17
24	17
10	17
9	17
10	17
7	17
7	17
24	17
7	17
7	17
24	17
7	18
24	18
7	18
7	18
7	18
7	18
8	18
7	18
24	18
6	18
7	18
7	18
7	18
7	18
7	18
8	18
7	18
7	19
7	19
7	19
8	19
7	19
7	19
7	19
7	19
7	19
7	19
7	19
7	19
7	19
7	19
7	19
8	20
7	20
7	20
7	20
7	20
7	20
7	20
8	20
8	20
25	20
7	20
7	20
7	21
7	21
7	21
7	21
7	21
25	21
7	21
7	21
25	21
25	21
7	21
7	22
7	22
8	22
7	22
7	22
8	22
7	22
7	22
9	22
7	22
7	22
7	22
7	22
25	22
7	22
7	22
8	22
25	22
7	22
7	22
7	22
7	22
7	22
7	22
7	22
7	22
25	22
7	22
7	22
7	22
7	22
7	22
25	22
7	22
7	22
7	22
7	22
7	22
7	22
7	22
25	22
25	22
7	22
7	22
7	22
10	23
7	23
25	23
7	23
6	23
10	23
7	23
7	23
7	23
7	23
7	23
7	23
25	23
7	23
7	23
10	23
7	23
7	23
7	23
7	23
6	23
6	23
7	23
7	23
7	23
6	23
7	24
7	24
7	24
7	24
7	24
7	24
7	24
7	24
7	24
7	24
7	24
6	24
7	24
7	24
7	24
6	24
7	24
7	24
7	24
7	24
7	24
25	24
7	25
7	25
6	25
7	25
6	25
6	25
7	25
7	25
7	25
7	25
7	25
7	25
7	25
7	26
8	26
7	26
7	26
7	26
7	26
7	26
7	26
7	26
7	26
7	26
7	26
7	26
7	26
7	26
7	26
7	26
7	26
7	26
7	26
7	26
6	26
7	26
7	26
7	26
7	26
7	26
25	26
7	26
7	26
7	26
7	26
7	26
7	26
7	26
7	26
7	26
7	26
7	26
7	26
6	26
8	26
7	26
7	26
7	26
7	26
7	26
7	26
7	26
8	26
8	26
7	26
7	26
7	26
7	26
8	26
8	26
7	26
7	26
7	26
7	26
7	26
7	26
7	26
7	26
7	26
7	26
7	26
7	26
7	27
7	27
7	27
7	27
6	27
7	27
7	27
7	27
7	27
7	27
7	27
7	27
7	27
7	27
8	27
7	27
6	27
7	27
8	27
7	27
7	27
25	27
7	27
7	27
7	27
7	27
8	27
7	27
7	27
7	27
8	27
7	27
7	27
7	27
7	27
7	27
7	27
6	27
7	27
7	27
7	27
7	27
7	27
7	27
7	27
7	27
7	27
7	27
7	27
7	27
7	27
7	27
8	27
8	27
7	27
25	27
8	27
7	27
7	27
7	27
8	27
7	27
8	27
25	27
8	27
6	27
7	27
8	27
8	27
7	27
8	27
7	27
25	27
7	27
7	27
7	27
25	27
7	27
7	27
7	27
7	27
7	27
8	27
8	27
25	27
7	27
7	27
7	27
7	27
7	27
7	27
7	27
6	27
7	27
25	27
6	27
7	27
7	27
7	27
7	27
7	27
7	27
7	27
7	27
7	27
6	27
7	27
7	27
7	27
7	27
7	27
7	27
7	27
7	28
7	28
7	28
7	28
25	28
7	28
7	28
7	28
7	28
7	28
7	28
7	28
7	28
7	28
8	28
7	28
7	28
7	28
7	28
7	28
7	28
7	28
7	28
7	28
8	28
8	28
7	28
6	28
7	28
7	28
7	28
7	28
7	28
7	28
8	28
7	28
6	28
7	28
7	28
7	28
7	28
7	28
7	28
7	28
6	28
7	28
7	28
7	28
7	28
7	28
7	29
7	29
7	29
7	29
7	29
7	29
7	29
7	29
6	29
7	29
7	29
7	29
8	29
7	29
7	29
7	29
7	29
7	29
7	29
7	29
7	29
25	29
7	29
7	29
7	29
7	29
7	29
8	29
7	29
7	29
7	29
7	29
7	29
7	29
7	29
7	29
7	29
7	29
7	29
7	29
7	29
7	29
7	29
7	29
7	29
7	29
7	29
7	29
7	29
7	29
7	29
7	29
7	29
8	29
7	29
7	29
7	29
7	29
7	29
8	29
7	29
7	29
7	29
7	29
7	29
7	30
7	30
7	30
7	30
7	30
7	30
7	30
7	30
7	30
7	30
7	30
7	30
7	30
7	30
7	30
7	30
7	30
7	30
7	30
7	30
7	30
7	30
7	30
7	30
7	30
7	30
7	30
8	30
7	30
7	30
7	30
7	30
7	30
7	30
7	30
7	30
7	30
7	30
7	30
7	30
7	30
7	30
7	30
7	31
7	31
7	31
7	31
7	31
7	31
7	31
7	31
7	31
7	31
7	31
7	31
7	31
7	31
7	31
7	31
7	31
7	31
6	31
25	31
7	31
7	31
7	31
7	31
7	31
7	31
8	31
7	31
7	31
7	31
7	31
7	31
26	31
7	31
7	31
7	31
7	31
7	31
8	31
8	31
7	31
7	31
8	31
7	31
7	32
7	32
7	32
7	32
7	32
8	32
7	32
8	32
8	32
7	32
7	32
7	32
7	32
7	32
6	32
25	32
7	32
7	32
7	32
7	32
7	32
7	32
8	32
7	32
7	32
7	32
7	32
7	32
7	32
7	32
8	32
7	32
8	32
7	32
7	32
7	32
7	32
7	33
7	33
8	33
7	33
7	33
8	33
7	33
7	33
7	33
7	33
7	33
7	33
7	33
7	33
7	33
7	33
7	33
7	33
7	33
7	33
8	33
7	33
6	33
7	33
7	33
6	33
26	33
7	33
8	33
7	33
7	33
7	33
7	33
7	33
7	33
7	33
8	33
7	33
7	33
7	33
7	34
7	34
7	34
7	34
7	34
7	34
7	34
7	34
7	34
7	34
7	34
7	34
7	34
7	34
7	34
7	34
6	34
7	34
7	34
7	34
6	34
7	34
7	34
7	34
7	34
26	34
8	34
7	34
7	34
8	34
7	34
7	34
7	34
7	34
7	34
7	34
7	34
8	34
7	34
7	34
7	34
7	34
7	34
7	34
7	34
6	35
7	35
7	35
8	35
7	35
7	35
7	35
26	35
7	35
26	35
8	35
7	35
7	35
7	35
7	35
7	35
7	35
7	35
7	35
8	35
7	35
7	35
7	35
7	35
26	35
7	35
7	35
7	35
7	35
7	35
7	35
7	35
7	35
7	35
8	35
7	35
27	35
7	35
7	35
7	35
8	35
7	35
7	35
7	35
27	36
7	36
7	36
7	36
7	36
8	36
8	36
7	36
8	36
7	36
6	36
7	36
6	36
7	36
7	36
8	36
8	36
8	36
7	37
6	37
7	37
7	37
7	37
7	37
7	37
7	37
6	37
6	37
7	37
7	38
7	38
7	38
7	38
7	38
7	38
7	38
7	38
7	38
7	38
7	38
8	38
7	38
7	38
7	38
7	38
7	38
7	38
7	38
7	38
7	38
26	38
7	38
7	38
7	38
7	38
7	38
8	38
8	38
7	38
7	38
6	38
7	38
7	38
8	38
7	38
7	39
7	39
7	39
7	39
7	39
6	39
7	39
7	39
8	39
7	39
6	39
7	39
6	39
7	39
7	39
6	39
7	39
7	39
7	39
8	39
7	39
8	39
7	39
7	40
6	40
6	40
8	40
7	40
7	40
7	40
8	40
7	40
7	40
6	40
7	40
7	40
8	40
8	40
8	40
7	40
7	40
8	40
7	40
7	40
8	40
7	41
7	41
7	41
7	41
7	41
7	41
7	41
6	41
6	41
7	41
7	41
7	41
7	41
7	41
7	41
7	41
7	41
7	41
7	41
7	41
8	41
7	41
7	41
7	41
8	41
35	41
8	41
7	41
7	41
6	41
7	41
8	41
6	41
7	41
7	41
7	41
7	41
7	41
6	41
7	41
7	41
7	41
7	41
7	41
7	41
7	41
7	41
6	41
7	41
7	42
6	42
7	42
7	42
8	42
7	42
7	42
7	42
6	42
7	42
7	42
7	42
7	42
7	42
7	42
7	42
7	42
7	43
6	43
7	43
7	43
36	43
7	43
7	43
7	43
7	43
7	43
7	43
7	43
7	43
37	43
6	43
7	43
7	43
7	43
34	43
53	43
7	43
7	43
7	43
7	43
7	43
7	43
7	43
6	44
7	44
7	44
7	44
7	44
7	44
8	44
7	44
7	44
7	44
7	44
7	44
7	44
7	44
7	44
7	44
7	44
7	44
7	44
7	44
7	44
7	44
7	44
8	44
6	45
6	45
7	45
7	45
7	45
6	45
7	45
6	45
7	45
7	45
7	45
7	45
7	45
7	45
7	45
7	45
7	45
7	45
7	45
8	45
7	45
7	45
7	45
6	45
8	45
7	45
7	45
7	45
7	45
7	45
7	45
6	45
7	45
7	45
7	45
7	45
7	45
7	45
8	45
7	45
7	45
7	45
7	45
7	45
7	45
7	45
7	45
8	45
7	45
7	45
7	45
7	45
7	45
7	45
7	45
7	45
7	45
7	45
7	45
7	45
7	45
7	45
7	45
7	45
7	45
7	45
7	45
8	45
7	45
7	45
6	45
7	45
6	45
8	45
7	45
7	45
7	45
6	45
7	45
8	45
7	45
7	45
7	45
7	45
8	45
7	45
7	45
7	45
7	45
8	45
7	45
7	45
7	45
7	45
7	45
7	46
7	46
7	46
6	46
6	46
7	46
6	46
6	46
6	46
6	46
7	46
7	46
7	46
7	46
6	46
8	46
7	46
7	46
7	46
7	46
7	46
7	46
7	46
7	46
7	46
7	46
7	46
7	46
7	46
8	46
7	46
7	46
7	46
7	46
7	47
7	47
6	47
7	47
7	47
7	47
7	47
7	47
7	47
7	47
7	47
7	47
7	47
7	47
8	47
7	47
7	47
7	47
7	47
7	47
7	47
7	47
7	47
7	47
7	47
7	47
7	47
7	47
7	47
7	47
7	47
7	47
7	47
7	47
7	47
7	47
7	47
8	47
7	47
7	47
7	47
7	47
7	47
7	47
7	47
7	47
7	47
7	47
7	47
8	47
7	47
7	47
7	47
7	48
7	48
7	48
7	48
7	48
7	48
7	48
7	48
7	48
7	48
7	48
7	48
7	48
7	48
7	48
7	48
7	48
7	48
7	48
7	48
7	48
7	48
7	48
7	48
7	48
7	48
7	48
7	48
7	48
7	48
7	48
7	48
7	48
7	48
7	48
7	48
7	48
7	48
7	48
7	48
7	48
7	48
7	48
7	48
7	48
7	48
7	48
7	48
7	48
7	49
7	49
7	49
7	49
7	49
7	49
7	49
7	49
7	49
7	49
7	49
7	49
7	49
7	49
7	49
7	49
7	49
7	49
7	49
7	49
7	49
7	49
7	49
7	49
7	49
7	49
7	49
7	49
7	49
7	49
7	49
7	49
7	49
7	49
7	49
7	49
7	49
7	49
7	49
7	49
7	49
7	49
7	49
7	49
7	49
7	49
7	49
7	49
7	49
7	49
7	49
7	49
7	49
7	49
7	49
7	50
7	50
7	50
7	50
7	50
7	50
7	50
7	50
7	50
7	50
7	50
7	50
7	50
7	50
7	50
7	50
7	50
7	50
7	50
7	50
7	50
7	50
7	50
7	50
7	50
7	50
7	50
7	50
7	50
7	50
7	50
7	50
7	50
7	50
7	50
7	50
7	50
7	50
7	50
7	50
7	50
7	50
7	50
7	50
7	50
7	50
7	50
7	50
7	50
7	50
7	50
7	50
7	50
7	50
7	50
7	50
7	50
7	50
7	50
7	50
7	50
7	51
7	51
7	51
7	51
7	51
7	51
7	51
7	51
7	51
7	51
7	51
7	51
7	51
7	51
7	51
7	51
7	51
7	51
7	51
7	51
7	51
7	51
7	51
7	51
7	51
7	51
7	51
7	51
7	51
7	51
7	51
7	51
7	51
7	51
7	51
7	51
7	51
7	51
7	52
7	52
7	52
7	52
7	52
7	52
7	52
7	52
7	52
7	52
7	52
7	52
7	52
6	52
7	52
7	52
7	52
7	52
7	52
7	52
7	52
7	52
7	52
7	52
7	52
7	52
7	52
7	52
7	52
7	52
7	52
8	52
8	52
7	52
7	52
7	52
7	52
7	52
7	52
7	52
7	52
7	52
7	52
7	52
7	52
7	52
7	52
7	52
7	52
7	52
7	52
7	52
7	52
7	52
7	52
7	52
7	52
7	52
7	52
7	52
7	52
7	52
7	52
7	52
7	52
7	52
7	52
7	52
7	52
7	52
7	52
7	52
7	52
7	52
7	52
7	52
7	52
7	52
7	52
7	52
7	52
7	52
7	52
7	53
7	53
7	53
7	53
7	53
7	53
7	53
7	53
7	53
7	53
7	53
7	53
7	53
7	53
7	53
7	53
7	53
7	53
7	53
7	53
7	53
7	53
7	53
7	53
7	53
7	53
7	53
7	53
7	53
7	53
7	53
7	53
7	53
7	53
7	53
7	53
7	53
7	53
7	53
7	53
6	53
7	53
7	53
7	53
7	53
7	53
7	53
7	53
7	53
7	53
7	53
7	53
7	53
7	53
7	53
7	53
7	53
7	53
7	53
7	53
7	53
7	53
7	53
7	53
7	53
7	53
7	53
7	53
7	53
7	53
7	53
7	53
7	53
7	53
7	53
7	53
7	53
7	53
7	53
7	53
7	53
7	53
7	53
7	53
8	53
7	53
7	53
7	53
8	53
7	53
7	53
7	53
7	53
7	53
7	53
7	53
7	53
7	53
7	53
7	54
7	54
7	54
7	54
7	54
7	54
6	54
7	54
7	54
7	54
7	54
7	54
7	54
7	54
7	54
7	54
7	54
7	55
7	55
7	55
7	55
7	55
7	55
7	55
7	55
7	55
7	55
7	55
7	55
7	55
7	55
7	55
7	55
7	55
7	55
7	55
7	55
7	55
7	55
7	55
7	55
7	55
7	55
7	55
7	55
7	55
7	55
7	55
7	55
7	55
7	55
7	55
7	55
7	55
7	55
7	55
7	55
7	55
7	55
7	55
7	55
7	55
7	55
7	55
7	55
7	55
7	55
7	55
7	55
7	55
7	55
7	55
7	55
7	55
7	55
7	55
7	55
7	55
7	55
7	55
7	55
7	55
7	55
7	55
7	55
7	55
7	55
7	55
7	56
7	56
7	56
7	56
7	56
7	56
7	56
7	56
7	56
7	56
7	56
7	56
7	56
7	56
7	56
7	56
7	56
7	56
7	56
7	56
7	56
7	56
7	56
7	56
7	56
7	56
8	56
7	56
7	56
7	56
8	56
7	56
7	56
7	56
7	56
7	56
7	56
7	56
7	56
7	56
7	56
7	56
7	56
7	56
7	56
7	56
7	56
7	56
7	56
7	56
7	57
7	57
7	57
7	57
7	57
7	57
7	57
7	57
7	57
7	57
7	57
7	57
7	57
7	57
7	57
7	57
7	57
7	57
7	57
7	57
8	57
7	57
7	57
7	57
7	57
7	57
8	57
7	57
7	57
7	57
7	57
7	57
7	57
7	57
7	57
7	57
7	57
7	57
7	57
7	57
7	57
7	57
7	57
7	57
7	57
7	57
7	57
7	57
7	57
7	57
7	57
7	57
7	57
7	57
7	57
7	57
6	57
7	57
6	57
7	57
7	57
7	57
7	57
7	57
7	57
7	57
7	57
7	57
7	57
7	57
7	57
8	57
7	57
7	57
7	57
7	57
7	57
7	57
7	57
7	57
7	57
7	57
7	57
7	57
7	57
7	57
7	57
7	57
7	57
7	58
7	58
7	58
7	58
7	58
7	58
7	58
7	58
7	58
7	58
7	58
7	58
7	58
7	58
7	58
7	58
7	58
7	58
7	58
7	58
7	58
7	58
7	59
7	59
7	59
7	59
7	59
7	59
7	59
7	59
7	59
7	59
7	59
7	59
7	59
7	59
7	59
7	59
7	59
7	59
7	59
7	59
7	60
7	60
7	60
7	60
7	60
7	60
7	60
7	60
7	60
7	60
7	60
7	60
7	60
7	60
7	60
7	60
7	60
7	60
7	60
7	60
7	60
7	60
7	60
7	60
7	60
7	60
7	60
7	60
7	60
7	60
7	60
7	60
7	60
7	60
7	61
7	61
7	61
7	61
7	61
7	61
7	61
7	61
7	61
7	61
7	61
7	61
7	61
7	61
7	61
7	61
7	61
7	61
7	62
7	62
7	62
7	62
7	62
7	62
7	62
7	62
7	62
7	62
7	63
7	63
7	63
7	63
7	63
7	63
7	63
7	63
7	63
7	63
7	64
7	64
7	64
7	64
8	64
7	64
47	64
7	64
7	64
7	64
7	65
7	65
47	65
7	65
7	65
7	65
7	65
7	66
7	66
7	66
7	66
7	66
7	66
7	66
7	67
7	67
7	67
37	67
46	67
7	67
7	67
7	68
7	68
7	68
7	68
7	68
7	68
7	68
7	69
7	69
7	69
7	69
46	69
7	69
7	69
7	69
7	70
7	70
7	70
7	70
7	70
7	70
7	70
7	71
40	71
10	71
7	71
7	71
7	71
7	71
7	71
7	71
7	72
7	72
7	72
7	72
7	72
7	72
10	72
7	72
7	72
7	72
7	73
10	73
7	73
7	73
7	73
7	73
7	73
7	73
7	73
7	73
7	73
7	73
7	73
7	74
7	74
7	74
7	74
7	74
7	74
7	74
7	74
7	74
7	74
7	74
7	74
8	74
7	74
7	74
7	74
7	74
7	74
7	74
7	74
7	75
8	75
7	75
7	75
7	75
7	75
7	75
7	75
10	75
10	75
7	75
7	75
7	75
7	75
7	75
7	75
37	75
6	76
38	76
46	76
8	76
7	76
7	76
7	76
7	76
7	76
7	76
36	76
7	76
7	76
7	76
7	76
7	76
7	76
7	76
7	76
7	76
7	77
7	77
7	77
7	77
7	77
7	77
7	77
7	77
7	77
36	77
7	77
10	77
7	77
10	77
7	77
7	77
8	77
7	77
7	77
10	77
8	77
7	77
8	77
7	77
8	77
7	78
8	78
7	78
7	78
7	78
7	78
37	78
45	78
7	78
10	78
10	79
7	79
7	79
7	79
7	79
7	79
7	79
10	80
7	80
10	80
7	80
38	80
6	81
7	81
10	81
8	81
9	81
7	82
39	82
45	83
6	83
7	83
10	83
35	84
7	84
9	85
7	85
10	85
34	86
46	86
10	87
9	87
9	87
35	88
46	88
7	89
7	89
38	89
45	90
7	90
9	91
9	91
37	91
6	92
7	92
36	92
45	93
9	93
9	94
10	94
7	94
7	95
7	95
34	96
46	96
7	96
37	97
10	97
9	97
9	98
36	98
45	99
7	99
9	99
9	99
8	100
32	100
46	100
45	101
45	101
6	101
9	101
9	102
6	102
35	102
6	102
7	102
9	102
33	103
6	103
9	103
30	103
12	103
10	103
10	103
32	103
46	103
7	103
9	103
32	103
46	103
45	103
46	103
7	103
34	103
8	103
9	103
32	103
7	103
9	103
9	103
7	103
33	103
8	103
34	103
46	103
7	103
9	103
9	103
33	103
8	103
34	103
6	103
9	103
9	103
10	103
32	103
7	103
9	103
9	103
9	103
34	103
46	103
7	103
9	103
9	103
9	103
33	103
7	103
10	103
9	103
7	103
35	103
7	103
9	103
32	103
7	103
34	103
7	103
9	103
9	103
10	103
31	103
8	103
9	103
10	103
10	103
9	103
7	103
34	103
8	103
9	103
33	103
6	103
35	103
6	103
10	103
9	103
32	103
46	103
7	103
9	103
9	103
9	103
9	103
32	103
6	103
9	103
31	103
45	103
10	103
9	103
9	103
9	103
31	103
45	103
7	103
9	103
9	103
33	103
7	103
34	103
7	103
9	103
9	103
7	103
6	103
9	103
31	103
46	103
9	103
9	103
9	103
7	103
9	103
9	103
9	103
7	103
9	103
31	103
46	103
7	103
10	103
9	103
9	103
32	103
12	103
9	103
9	103
9	103
10	103
9	103
9	103
9	103
32	103
45	103
9	103
9	103
33	103
45	103
7	103
9	103
9	103
10	103
9	103
7	103
35	103
7	103
9	103
31	103
7	103
7	103
10	103
32	103
6	103
35	103
6	103
9	103
9	103
32	103
45	103
46	103
9	103
9	103
9	103
9	103
9	103
29	103
8	103
9	103
10	103
8	103
9	103
26	103
45	103
7	103
35	103
46	103
46	103
7	103
9	103
9	103
34	103
6	103
9	103
10	103
8	103
9	103
8	103
10	103
46	103
46	103
10	103
9	103
28	103
8	103
9	103
10	103
8	103
9	103
10	103
8	103
7	103
10	103
46	103
45	103
7	103
35	103
6	103
35	103
6	103
9	103
9	103
28	103
8	103
9	103
10	103
8	103
9	103
10	103
46	103
7	103
9	103
9	103
26	103
8	103
9	103
27	103
8	103
9	103
26	103
8	103
9	103
27	103
8	103
9	103
27	103
8	103
10	103
8	103
9	103
27	103
8	103
9	103
10	103
8	103
9	103
10	103
8	103
9	103
27	103
8	103
9	103
26	103
46	103
46	103
45	103
9	103
7	103
9	103
30	103
46	103
6	103
9	103
9	103
9	103
27	103
8	103
9	103
10	103
8	103
9	103
27	103
8	103
9	102
26	102
8	102
9	102
27	102
6	101
9	101
26	101
6	101
9	100
26	100
6	100
10	100
6	99
10	99
9	99
7	99
36	98
8	98
34	98
45	98
45	97
9	97
9	97
9	97
9	96
6	96
36	96
45	95
45	95
9	95
9	95
9	94
30	94
7	94
7	93
9	93
9	93
33	92
7	92
7	92
7	91
43	91
45	91
7	90
7	90
9	90
31	89
45	89
44	89
45	88
45	88
10	88
9	87
9	87
9	87
33	86
45	86
45	86
45	85
8	85
9	85
9	84
9	84
7	84
9	84
9	84
9	83
35	83
45	83
6	83
9	82
9	82
9	82
9	82
9	82
8	81
8	81
7	81
9	81
9	81
8	81
9	80
35	80
45	80
8	80
9	80
9	79
36	79
45	79
8	79
9	78
9	78
9	78
9	78
9	78
9	77
9	77
36	77
8	77
9	77
9	76
9	76
33	76
45	76
9	75
9	75
9	75
9	75
9	75
9	74
9	74
9	74
9	74
9	74
9	74
9	73
9	73
9	73
8	73
9	73
9	73
9	72
9	72
9	72
9	72
9	72
8	72
9	71
9	71
9	71
9	71
9	71
9	71
9	70
9	70
9	70
9	70
9	70
9	70
9	69
9	69
38	69
7	69
39	68
7	68
9	68
8	68
46	68
9	67
39	67
46	67
45	66
8	66
9	66
38	66
6	65
8	65
36	65
8	65
8	64
8	64
9	64
49	63
9	63
51	63
9	63
9	62
9	62
9	62
9	62
9	61
9	61
9	61
48	61
9	61
37	60
52	60
51	60
8	60
8	60
9	59
8	59
51	59
51	59
51	59
51	58
51	58
48	58
9	58
9	57
9	57
8	57
9	57
9	57
9	57
9	56
9	56
9	56
8	56
9	56
9	56
52	56
8	55
8	55
9	55
9	55
52	54
8	54
8	54
52	54
9	53
9	53
9	53
9	53
9	53
9	52
9	52
9	52
52	52
52	52
52	51
9	51
9	51
9	51
8	51
8	51
9	51
8	50
9	50
52	50
9	50
8	50
9	50
9	50
9	50
9	50
9	49
9	49
9	49
9	49
9	49
9	49
8	49
9	49
9	48
8	48
9	48
8	48
9	48
51	48
9	48
9	48
9	48
9	48
9	48
9	48
8	48
8	47
52	47
9	47
8	47
51	47
52	47
9	47
51	47
9	47
51	47
9	46
8	46
52	46
8	46
52	46
52	46
9	46
9	46
8	46
51	46
52	46
52	46
52	46
9	46
9	45
9	45
9	45
9	45
9	45
9	45
9	45
51	45
8	44
9	44
9	44
8	44
9	44
9	44
8	43
9	43
8	43
9	43
9	43
8	43
9	42
9	42
8	42
9	42
9	42
9	42
9	42
8	41
32	41
53	41
8	41
9	41
8	41
8	41
8	41
8	41
8	40
29	40
8	40
8	40
8	40
8	40
9	40
27	40
52	40
54	40
51	40
9	40
8	40
9	40
9	40
9	39
9	39
9	39
9	39
9	39
9	39
9	39
9	39
9	39
9	39
9	39
9	39
9	39
8	39
9	39
8	39
9	39
9	39
9	39
9	39
9	39
33	39
27	39
8	39
32	39
28	39
9	39
28	39
28	39
9	39
28	39
28	39
9	39
28	39
8	39
9	39
9	39
9	39
9	39
9	39
9	39
9	39
9	39
9	39
9	39
8	39
9	39
9	39
9	39
9	39
9	39
9	39
9	39
8	39
8	38
9	38
26	38
26	38
9	38
28	38
9	38
28	38
12	38
26	38
8	38
8	38
9	38
29	38
9	38
8	38
9	38
9	38
9	38
9	38
9	38
9	38
9	38
9	38
8	37
26	37
8	37
8	37
9	37
8	37
9	37
8	37
9	37
9	37
9	37
9	37
9	37
9	37
9	36
9	36
9	36
9	36
9	36
9	36
9	36
8	36
9	35
9	35
9	35
9	35
9	35
24	34
9	34
8	34
9	34
9	34
8	34
9	33
24	33
9	33
9	33
9	33
9	33
9	33
9	33
9	33
9	33
9	33
9	32
9	32
9	32
8	32
9	32
9	32
9	32
9	32
9	32
9	32
9	32
9	32
24	32
9	32
9	32
24	32
9	32
9	32
24	32
9	32
24	32
25	32
24	32
9	32
9	32
9	32
9	32
9	32
9	32
9	32
9	32
9	32
24	32
25	32
9	32
8	32
9	32
9	32
9	32
9	32
9	32
9	32
9	32
9	32
9	32
24	32
9	32
9	32
9	32
9	32
9	32
9	32
9	32
9	32
9	32
9	32
9	32
9	32
9	32
9	32
9	32
9	32
9	32
9	32
24	32
9	32
9	32
9	32
9	32
24	32
9	32
24	32
9	32
23	32
24	32
9	32
23	32
9	32
9	32
24	32
9	32
9	32
9	32
9	32
9	32
24	32
24	32
9	32
9	32
9	32
24	32
9	32
9	32
24	32
24	32
9	32
23	32
10	32
10	32
10	32
25	32
17	32
8	32
7	32
7	32
10	32
26	32
8	32
7	32
25	32
10	32
7	32
8	32
8	32
7	32
10	32
7	32
6	32
6	32
8	32
6	32
6	32
7	32
6	32
5	32
5	32
6	32
6	32
6	32
5	32
6	32
5	32
7	32
7	32
7	32
8	32
6	32
5	32
5	32
5	32
5	32
5	32
5	32
5	32
5	32
5	31
5	31
5	31
5	31
5	31
6	31
7	31
5	31
5	31
8	31
7	31
7	31
54	31
28	31
27	31
26	31
5	31
5	31
4	31
5	31
6	31
7	31
9	31
26	31
4	31
5	31
4	31
5	31
11	31
4	31
3	31
4	31
4	31
3	31
4	31
5	31
74	31
4	31
4	31
7	31
74	31
9	31
7	31
57	31
67	31
56	31
53	31
6	31
7	31
6	31
7	31
68	31
70	31
57	31
72	31
55	31
6	31
5	31
4	31
7	31
66	31
88	31
85	31
5	31
6	31
7	31
35	31
53	31
55	31
53	31
54	31
54	31
54	31
54	31
54	31
55	31
56	31
51	31
59	31
74	31
50	31
49	31
49	31
51	31
50	31
50	31
8	31
49	31
9	31
9	31
8	31
9	31
8	31
8	31
8	31
8	31
8	31
8	31
8	31
8	31
9	31
9	31
9	31
57	31
55	31
55	31
77	31
54	31
81	31
68	31
55	31
68	31
64	31
84	31
70	31
67	31
87	31
70	31
67	31
68	31
67	31
72	31
70	31
68	31
71	31
72	31
70	31
89	31
88	31
95	31
86	31
86	31
27	31
9	31
6	31
5	31
7	31
7	31
90	31
28	31
82	31
71	31
92	31
70	31
72	31
70	31
71	31
70	31
70	31
69	31
69	31
70	31
69	31
86	31
71	31
70	31
70	31
70	31
72	31
70	31
70	31
61	31
70	31
70	31
6	31
4	31
5	31
5	31
4	31
4	31
4	31
3	31
3	31
3	31
3	31
3	31
4	31
3	31
3	31
3	31
3	31
3	31
3	31
3	31
3	31
3	31
3	31
3	31
3	31
3	31
3	31
2	31
3	31
3	31
3	31
3	31
3	31
4	31
4	31
4	31
5	31
8	31
64	31
64	31
63	31
5	31
4	31
3	31
4	31
107	31
3	31
4	31
39	31
6	31
62	31
60	31
75	31
85	31
65	31
5	31
4	31
5	31
5	31
5	31
5	31
6	31
6	31
6	31
6	31
77	31
85	31
85	31
87	31
65	31
88	31
63	31
62	31
60	31
61	31
62	31
61	31
60	31
63	31
62	31
63	31
61	31
62	31
62	31
62	31
51	31
50	31
51	31
49	31
50	31
51	31
49	31
50	31
50	31
51	31
49	31
48	31
48	31
50	31
51	31
48	31
52	31
49	31
50	31
50	31
50	31
51	31
50	31
74	31
50	31
6	31
6	31
6	31
7	31
48	31
49	31
50	31
51	31
52	31
52	31
53	31
65	31
126	31
64	31
63	31
64	31
65	31
62	31
7	31
4	31
4	31
3	31
3	31
3	31
3	31
3	31
3	31
3	31
3	31
3	31
3	31
3	31
3	31
3	31
3	31
3	31
3	31
3	31
3	31
3	31
4	31
4	31
4	31
5	31
5	31
5	31
5	31
4	31
4	31
4	31
4	31
4	31
5	31
5	31
87	31
74	31
4	31
4	31
4	31
4	31
5	31
5	31
4	31
5	31
5	31
5	31
5	31
5	31
5	31
5	31
5	31
5	31
5	31
4	31
4	31
4	31
5	31
4	31
5	31
4	31
5	31
5	31
5	31
5	31
4	31
5	31
4	31
5	31
5	31
4	31
5	31
4	31
4	31
5	31
5	31
5	31
5	31
5	31
5	31
5	31
5	31
5	31
5	31
5	31
5	31
5	31
5	31
5	31
5	31
5	31
5	31
5	31
5	31
5	31
5	31
5	31
5	31
5	31
5	31
5	31
5	31
5	31
5	31
5	31
5	31
5	31
5	31
5	31
4	31
4	31
4	31
4	31
3	31
3	31
3	31
3	31
3	31
3	31
3	31
3	31
4	31
3	31
3	31
4	31
3	31
4	31
4	31
5	31
5	31
6	31
74	31
4	31
3	31
5	31
5	31
5	31
3	31
3	31
3	31
4	31
3	31
6	31
4	31
56	31
3	31
4	31
3	31
3	31
2	31
3	31
3	31
3	31
3	31
3	31
3	31
3	31
2	31
2	31
2	31
3	31
2	31
3	31
3	31
3	31
3	31
4	31
3	31
3	31
3	31
4	31
4	31
4	31
4	31
4	31
4	31
4	31
4	31
4	31
4	31
4	31
4	31
4	31
4	31
4	31
4	31
4	31
4	31
4	31
4	31
4	31
4	31
4	31
4	31
4	31
4	31
4	31
3	31
4	31
4	31
4	31
4	31
4	31
3	31
4	31
4	31
3	31
4	31
4	31
3	31
4	31
4	31
4	31
4	31
4	31
3	31
4	31
4	31
4	31
4	31
4	31
3	31
4	31
4	31
4	31
4	31
4	31
4	31
4	31
4	31
4	31
4	31
3	31
3	31
3	31
3	31
4	31
3	31
3	31
3	31
4	31
4	31
4	31
4	31
4	31
4	31
4	31
4	31
4	31
4	31
4	31
4	31
4	31
3	31
3	31
3	31
3	31
3	31
3	31
3	31
3	31
3	31
4	31
3	31
4	31
3	31
3	31
3	31
3	31
3	31
4	31
4	31
3	31
4	31
3	31
4	31
3	31
3	31
3	31
3	31
2	31
2	31
2	31
3	31
3	31
3	31
3	31
3	31
4	31
3	31
3	31
3	31
4	31
6	31
5	31
4	31
4	31
4	31
26	31
4	31
4	31
5	31
7	31
5	31
5	31
7	31
6	31
5	31
5	31
6	31
5	31
5	31
5	31
5	31
6	31
6	31
5	31
5	31
5	31
5	31
6	31
6	31
6	31
5	31
5	31
6	31
6	31
6	31
6	31
6	31
6	31
6	31
6	31
6	31
6	31
5	31
6	31
6	31
6	31
6	31
6	31
6	31
5	31
6	31
6	31
6	31
7	31
7	31
7	31
8	31
8	31
9	31
14	31
17	31
8	31
6	31
6	31
6	31
6	31
6	31
6	31
6	31
7	31
8	31
9	31
17	31
9	31
9	31
8	31
7	31
7	31
7	31
7	31
7	31
7	31
7	31
7	31
7	31
6	31
7	31
6	31
7	31
7	31
8	31
7	31
8	31
8	31
8	31
8	31
9	31
9	31
9	31
9	31
9	31
9	31
9	31
8	31
7	31
6	31
6	31
7	31
7	31
7	31
6	31
6	31
7	31
8	31
7	31
6	31
12	31
7	31
9	31
7	31
7	31
9	31
7	31
8	31
9	31
8	31
10	31
8	31
10	31
9	31
8	31
12	31
9	31
9	31
24	31
9	31
9	31
21	31
9	31
9	31
9	31
9	31
9	31
9	31
9	31
9	31
13	31
12	31
9	31
9	31
13	31
13	31
14	31
8	31
13	31
9	31
8	31
7	31
9	31
8	31
13	31
13	31
12	31
12	31
9	31
9	31
9	31
9	31
9	31
9	31
9	31
9	31
9	31
9	31
9	31
9	31
9	31
14	31
9	31
15	31
8	31
8	31
14	31
13	31
13	31
13	31
12	31
12	31
12	31
12	31
9	31
12	31
11	31
12	31
10	31
9	31
10	31
12	31
11	31
11	31
9	31
9	31
12	31
9	31
12	31
9	31
9	31
12	31
9	31
9	31
12	31
9	31
12	31
12	31
8	31
9	31
12	31
12	31
12	31
12	31
12	31
12	31
12	31
9	31
12	31
8	31
12	31
13	31
13	31
13	31
8	31
12	31
12	31
9	31
13	31
12	31
12	31
12	31
12	31
12	31
12	31
12	31
12	31
12	31
12	31
9	31
12	31
9	31
9	31
9	31
9	31
9	31
9	31
9	31
8	31
12	31
9	31
9	31
9	31
9	31
14	31
14	31
16	31
9	31
9	31
24	31
9	31
9	31
16	31
16	31
9	31
17	31
9	31
9	31
16	31
9	31
9	31
17	31
9	31
9	31
17	31
9	31
9	31
9	31
9	31
9	31
19	31
8	31
8	31
19	31
25	31
9	31
9	31
9	31
9	31
9	31
9	31
9	31
23	31
21	31
9	31
22	31
9	31
20	31
9	31
18	31
20	31
9	31
9	31
9	31
21	31
9	31
9	31
9	31
8	31
9	31
21	31
22	31
9	31
9	31
9	31
8	31
9	31
8	31
19	31
9	31
8	31
9	31
8	31
9	31
9	31
9	31
9	31
24	31
22	31
23	31
23	31
22	31
9	31
8	31
9	31
20	31
9	31
19	31
9	31
9	31
19	31
19	31
9	31
19	31
19	31
9	31
18	31
18	31
18	31
8	31
19	31
9	31
9	31
9	31
9	31
9	31
9	31
18	31
18	31
18	31
18	31
9	31
19	31
18	31
9	31
9	31
19	31
19	31
9	31
8	31
19	31
9	31
9	31
19	31
19	31
9	31
9	31
9	31
9	31
9	31
9	31
9	31
9	31
9	31
9	31
9	31
9	31
9	31
19	31
19	31
19	31
9	31
9	31
9	31
9	31
9	31
9	31
19	31
8	31
9	31
9	31
9	31
9	31
9	31
19	31
19	31
9	31
9	31
8	31
9	31
9	31
20	31
20	31
9	31
19	31
20	31
19	31
20	31
19	31
9	31
8	31
9	31
9	31
9	31
20	31
9	31
9	31
9	31
9	31
9	31
9	31
8	31
9	31
9	31
9	31
9	31
9	31
9	31
9	31
21	31
23	31
9	31
8	31
8	31
9	31
9	31
8	31
29	31
9	31
24	31
9	31
8	31
24	31
9	31
8	31
25	31
9	31
25	31
9	31
8	31
9	31
25	31
25	31
9	31
24	31
9	31
24	31
23	31
9	31
8	31
9	31
9	31
9	31
23	31
8	31
8	31
9	31
23	31
9	31
23	31
9	31
8	31
24	31
9	31
8	31
9	31
9	31
23	31
24	31
23	31
9	31
24	31
24	31
23	31
23	31
23	31
8	31
9	31
9	31
9	31
9	31
9	31
9	31
8	31
8	31
9	31
9	31
8	31
9	31
8	31
9	31
9	31
9	31
9	31
8	31
24	31
24	31
9	31
8	31
8	31
8	31
9	31
8	31
9	31
9	31
23	31
9	31
9	31
9	31
23	31
8	31
8	31
23	31
9	31
9	31
23	31
23	31
9	31
9	31
9	31
9	31
24	31
9	31
24	31
24	31
9	31
9	31
9	31
25	31
9	31
23	31
24	31
25	31
8	31
39	31
9	31
9	31
9	31
25	31
25	31
23	31
24	31
9	31
9	31
9	31
23	31
9	31
8	31
9	31
9	31
23	31
10	31
23	31
11	31
8	31
23	31
9	31
24	31
9	31
21	31
9	31
21	31
9	31
21	31
9	31
20	31
9	31
20	31
17	31
9	31
18	31
15	31
9	31
17	31
19	31
23	31
9	31
25	31
9	31
24	31
9	31
14	31
9	31
10	31
25	31
10	31
14	31
25	31
9	31
25	31
25	31
24	31
25	31
25	31
9	31
25	31
25	31
25	31
9	31
9	31
25	31
9	31
9	31
9	31
9	31
9	31
9	31
25	31
24	31
9	31
9	31
9	31
25	31
9	31
25	31
23	31
9	31
24	31
9	31
9	31
8	31
24	31
24	31
9	31
24	31
9	31
24	31
24	31
9	31
24	31
9	31
8	31
9	31
24	31
9	31
24	31
9	31
9	32
24	32
23	32
24	32
9	32
9	32
25	33
9	33
9	33
26	33
8	33
9	33
26	33
26	33
27	33
9	33
8	33
9	33
9	33
8	33
9	33
8	33
9	33
8	33
26	33
26	33
8	33
8	33
26	33
26	33
9	33
9	33
9	33
9	33
9	33
9	33
9	33
10	33
9	32
7	32
9	32
9	32
9	32
9	32
25	31
9	31
25	31
9	30
8	30
9	29
25	29
8	29
8	28
8	28
9	27
24	26
9	26
9	25
8	25
9	24
9	24
9	23
9	23
9	22
9	22
9	22
9	21
9	21
9	21
9	21
9	20
23	20
23	20
8	19
8	19
23	19
8	18
23	18
23	18
9	17
9	17
23	17
23	17
23	16
9	16
8	16
23	16
23	15
9	15
9	15
9	14
23	14
23	14
8	14
23	13
8	13
23	13
8	13
8	12
23	12
22	12
9	11
22	11
22	11
8	11
23	10
23	10
23	9
23	9
22	8
23	8
8	7
23	7
22	7
22	6
22	6
23	5
9	5
22	5
22	5
22	5
8	5
22	4
22	4
22	4
9	4
22	4
8	4
22	4
8	4
9	4
22	4
22	4
8	4
22	4
8	4
22	4
22	4
22	4
22	4
9	4
22	4
22	4
22	4
22	4
22	4
22	4
9	4
22	4
22	4
22	4
22	4
22	4
22	4
22	4
22	4
8	4
22	4
22	4
22	4
22	4
22	4
22	4
22	4
22	4
8	4
22	4
22	4
22	4
8	4
22	4
22	4
22	4
22	4
22	4
22	4
9	4
22	4
22	4
22	4
22	4
22	4
22	4
22	4
22	4
22	4
22	4
8	4
22	4
22	4
22	4
22	4
8	4
22	4
22	4
8	4
22	4
8	4
22	4
8	4
22	4
22	4
22	4
8	4
22	4
22	4
22	4
22	4
8	4
22	4
22	4
22	4
22	4
9	4
22	4
22	4
22	4
22	4
22	4
22	4
22	4
22	4
22	4
22	4
8	4
22	4
22	4
22	4
22	4
22	4
8	4
22	4
8	4
22	4
22	4
22	4
9	4
22	4
22	4
22	4
8	4
22	4
8	4
22	4
22	4
8	4
22	4
22	4
8	4
23	4
8	4
22	4
8	4
22	4
8	4
22	4
8	4
22	4
22	4
22	4
22	4
22	4
9	4
22	4
22	4
9	4
9	4
8	4
22	4
22	4
22	4
22	4
8	4
22	4
9	4
9	4
22	4
22	4
8	4
22	4
22	4
9	5
22	5
9	5
9	5
23	5
7	6
9	6
9	6
23	6
7	7
9	7
9	7
23	7
9	7
9	7
9	7
23	7
9	7
9	7
23	7
8	7
23	7
22	7
9	7
22	7
22	7
9	7
9	7
9	7
23	7
22	7
9	7
9	7
23	7
9	7
23	7
9	7
9	7
9	7
9	7
9	7
22	7
22	7
9	7
23	7
9	7
9	7
9	7
23	7
22	7
22	8
9	8
9	8
9	8
9	8
9	8
9	8
9	8
9	8
10	8
10	8
22	8
7	8
9	9
9	9
9	9
9	9
9	9
9	9
9	9
9	9
9	9
9	9
9	9
9	9
9	9
9	9
9	9
7	9
9	9
7	10
22	10
8	10
9	10
9	10
9	10
9	10
22	10
10	10
22	10
22	10
22	10
6	10
9	10
22	10
7	10
10	10
9	10
9	10
10	10
22	10
7	10
7	10
9	10
22	10
22	10
22	10
10	10
9	11
9	11
9	11
9	11
9	11
22	11
22	11
10	11
9	11
9	11
9	11
9	11
9	11
9	11
9	12
9	12
7	12
7	12
10	12
9	12
9	12
10	12
9	12
9	12
9	12
10	12
10	12
10	12
7	12
9	12
9	12
9	12
10	12
9	12
9	12
9	12
7	12
9	12
7	13
7	13
10	13
7	13
7	13
7	13
22	13
7	13
23	13
10	13
22	13
23	13
9	13
9	13
7	13
10	13
9	13
9	13
9	13
7	13
9	13
10	13
9	13
9	13
10	13
7	13
10	13
7	14
7	14
7	14
10	14
10	14
10	14
9	14
9	14
9	14
9	14
10	14
10	14
9	14
7	14
10	14
10	14
10	14
7	14
9	14
9	14
9	14
9	14
7	14
9	14
9	15
7	15
9	15
10	15
9	15
9	15
10	15
10	15
7	15
9	15
9	15
10	15
10	15
9	15
7	15
7	15
9	15
9	15
7	15
7	15
7	15
7	15
9	15
7	15
7	15
9	15
10	15
22	15
23	15
7	15
9	15
10	15
9	15
10	15
10	15
9	15
7	15
7	15
9	15
7	15
7	15
7	15
7	15
22	15
9	15
7	15
7	15
9	15
9	15
9	15
10	15
10	15
7	15
9	15
7	15
9	15
9	15
9	15
23	15
9	15
23	15
10	15
23	15
9	15
9	15
9	15
9	15
9	15
9	15
9	15
9	15
9	15
9	15
9	15
9	15
9	15
9	15
9	15
9	15
9	15
9	15
9	15
9	15
9	15
9	15
9	15
22	15
9	15
9	15
23	15
8	15
9	15
9	15
9	15
9	15
23	15
9	15
9	15
23	15
9	15
22	15
7	15
7	15
9	15
22	15
7	15
9	15
23	15
23	15
22	15
9	15
22	15
9	15
9	15
23	15
9	15
8	15
9	15
9	15
23	15
22	15
23	15
23	15
9	15
9	15
8	15
9	15
9	15
9	15
9	15
9	15
9	15
9	15
9	15
9	15
9	15
9	15
9	15
9	15
22	15
9	15
22	15
7	15
22	15
9	15
9	15
22	15
9	15
9	15
9	15
9	15
9	15
9	15
23	15
9	15
10	15
9	15
9	15
23	15
8	15
23	15
8	15
10	15
9	15
22	15
9	15
22	15
9	15
9	15
9	15
9	15
9	15
9	15
9	15
9	15
9	15
23	15
22	15
22	15
22	15
9	15
9	15
22	15
7	15
9	15
23	15
9	15
9	15
9	15
9	15
9	15
9	15
9	15
9	15
9	15
9	15
9	15
22	15
9	15
23	15
9	15
9	15
9	15
9	15
9	15
9	15
9	15
9	15
9	15
23	15
9	15
10	15
9	15
9	15
22	15
6	15
22	15
23	15
22	15
9	15
23	15
9	15
23	15
9	15
23	15
9	15
9	15
9	15
9	15
23	15
9	15
7	15
22	15
23	15
9	15
9	15
22	15
9	15
9	15
9	15
9	15
9	15
9	15
23	15
9	15
9	15
22	15
23	15
9	15
9	15
22	15
22	15
9	15
7	15
9	15
23	15
9	15
9	15
22	15
23	15
9	15
9	15
22	15
9	15
9	15
9	15
9	15
10	15
9	15
9	15
9	15
9	15
9	15
23	15
9	15
9	15
9	15
22	15
23	15
9	15
9	15
9	15
9	15
9	15
9	15
9	15
23	15
9	15
23	15
9	15
8	15
9	15
9	15
9	15
23	15
9	15
9	15
9	15
23	15
9	15
22	15
9	15
9	15
22	15
9	15
9	15
23	15
23	15
9	15
9	15
22	15
8	15
22	15
22	15
9	15
9	15
9	15
9	15
9	15
23	15
23	15
22	15
9	15
9	15
23	15
22	15
9	15
8	15
22	15
22	15
6	15
9	15
9	15
23	15
7	15
23	15
22	15
9	15
23	15
9	15
9	15
9	15
9	15
22	15
9	15
23	15
22	15
23	15
9	15
9	15
9	15
9	15
22	15
8	15
9	15
9	15
9	15
9	15
9	15
9	15
9	15
9	15
9	15
23	15
22	15
22	15
22	15
9	15
9	15
9	15
9	15
9	15
9	15
9	15
9	15
9	15
9	15
9	15
9	15
9	15
9	15
22	15
22	15
9	15
9	15
9	15
9	15
9	15
9	15
23	15
9	15
9	15
9	15
9	15
9	15
23	15
7	15
9	15
9	15
9	15
9	15
10	15
22	15
23	15
9	15
9	15
22	15
23	15
9	15
9	15
23	15
23	15
9	15
9	15
23	15
10	15
7	15
9	15
22	15
9	15
7	15
9	15
9	15
9	15
9	15
9	15
9	15
9	15
23	15
8	15
9	15
9	15
9	15
9	15
9	15
9	15
9	15
9	15
9	15
23	15
9	15
9	15
9	15
9	15
9	15
9	15
9	15
23	15
22	15
9	15
22	15
13	15
23	15
7	15
9	15
23	15
22	15
6	15
22	15
23	15
9	15
23	15
9	15
9	15
23	15
6	15
7	15
9	15
9	15
9	15
23	15
9	15
10	15
9	15
9	15
9	15
9	15
9	15
9	15
23	15
22	15
9	15
7	15
9	15
23	15
9	15
10	15
22	15
9	15
9	15
22	15
9	15
9	15
9	15
9	15
9	15
9	15
22	15
23	15
9	15
23	15
10	15
22	15
23	15
9	15
22	15
23	15
9	15
9	15
9	15
23	15
23	15
10	15
10	15
23	15
7	15
22	15
7	15
9	15
9	15
9	15
9	15
22	15
22	15
8	15
9	15
7	15
9	15
23	15
9	15
10	15
23	15
23	15
9	15
9	15
9	15
9	15
9	15
9	15
9	15
9	15
23	15
9	15
23	15
23	15
9	15
9	15
23	15
22	15
22	15
9	15
9	15
9	15
9	15
23	15
9	15
22	15
7	15
9	15
10	15
9	15
9	15
23	15
7	15
9	15
9	15
9	15
23	15
7	15
9	15
9	15
9	15
9	15
9	15
10	15
10	15
10	15
10	15
10	15
9	15
9	15
22	15
6	15
10	15
23	15
22	15
10	15
10	15
22	15
6	15
9	15
9	15
23	15
7	15
9	15
9	15
9	15
7	15
9	15
9	15
9	15
9	15
10	15
23	15
10	15
9	15
7	15
9	15
9	15
22	15
7	15
7	15
9	15
9	15
23	15
9	15
22	15
6	15
22	15
23	15
23	15
7	15
7	15
7	15
7	15
8	15
22	15
23	15
7	15
7	15
10	14
7	14
7	14
22	14
23	14
7	14
7	14
7	14
7	14
7	14
7	14
7	13
10	13
7	13
10	13
23	13
9	12
9	12
23	12
7	12
9	11
9	11
9	11
9	10
9	10
22	10
9	9
9	9
23	9
23	9
23	8
9	8
23	8
9	8
23	8
8	7
23	7
23	7
8	7
22	7
8	7
9	7
22	7
23	7
22	7
9	7
23	7
22	7
22	7
9	7
23	7
22	7
22	7
22	7
9	7
22	7
22	7
8	7
9	7
9	7
22	7
9	7
22	7
8	7
22	7
22	7
9	7
22	7
9	7
23	7
9	7
9	7
9	7
9	7
22	7
22	7
22	7
9	7
9	7
9	7
9	7
9	7
9	7
22	7
8	7
9	7
9	7
22	7
8	7
9	7
9	7
22	7
22	7
9	7
9	7
9	7
9	7
22	7
22	7
22	7
9	7
22	7
22	7
9	7
9	7
9	7
22	7
10	7
22	7
22	7
22	7
9	7
22	7
9	7
9	7
22	7
9	7
22	7
9	7
22	7
8	7
9	7
8	7
22	7
10	7
9	7
8	7
9	7
9	7
22	7
9	7
9	7
9	7
22	7
22	7
22	7
9	7
22	7
22	7
9	7
22	7
8	7
9	7
22	7
22	7
9	7
9	7
10	7
9	7
9	7
9	7
9	7
22	7
9	7
8	7
9	7
22	7
22	7
22	7
9	7
9	7
9	7
9	7
9	7
9	7
22	7
9	7
22	7
22	7
22	7
9	7
9	7
22	7
9	7
9	7
22	7
22	7
9	7
9	7
10	7
9	7
9	7
22	7
9	7
10	7
9	7
22	7
9	7
22	7
9	7
22	7
9	7
9	7
9	7
9	7
9	7
9	7
9	7
10	7
9	7
22	7
22	7
9	7
9	7
23	7
9	7
9	7
9	7
22	7
12	7
22	7
22	7
9	7
9	7
22	7
9	7
9	7
23	7
22	7
22	7
9	7
9	7
22	7
9	7
9	7
9	7
9	7
22	7
22	7
22	7
9	7
22	7
9	7
22	7
9	7
22	7
9	7
9	7
22	7
15	7
22	7
22	7
9	7
22	7
22	7
22	7
22	7
10	7
9	7
10	7
22	7
22	7
9	7
9	7
22	7
22	7
7	7
22	7
9	7
22	7
9	7
22	7
9	7
9	7
9	7
23	7
22	7
9	7
8	7
9	7
9	7
22	7
22	7
9	7
9	7
9	7
22	7
9	7
22	7
9	7
22	7
9	7
10	7
9	7
10	7
22	7
6	7
10	7
22	7
9	7
10	7
22	7
9	7
22	7
22	7
9	7
22	7
22	7
13	7
10	7
22	7
22	7
22	7
22	7
9	7
22	7
9	7
22	7
22	7
22	7
9	7
9	7
9	7
22	7
9	7
9	7
22	7
9	7
22	7
22	7
22	7
22	7
9	7
22	7
9	7
9	7
9	7
22	7
9	7
22	7
9	7
22	7
22	7
22	7
9	7
22	7
9	7
9	7
10	7
9	7
9	7
22	7
9	7
9	7
22	7
22	7
9	7
9	7
22	7
9	7
10	7
23	7
22	7
22	7
9	7
22	7
9	7
9	7
9	7
22	7
7	7
23	7
9	7
23	7
13	7
7	7
9	7
22	7
22	7
22	7
9	7
10	7
9	7
22	7
22	7
22	7
22	7
22	7
10	7
22	7
9	7
22	7
22	7
9	7
9	7
9	7
22	7
9	7
10	7
22	7
23	7
22	7
9	7
9	7
22	7
9	7
23	7
22	7
22	7
9	7
22	7
22	7
9	7
10	7
9	7
22	7
9	7
9	7
10	7
9	7
22	7
8	7
22	7
9	7
9	7
9	7
22	7
9	7
9	7
9	7
9	7
22	7
9	7
9	7
9	7
9	7
9	7
9	7
9	7
22	7
8	7
9	7
23	7
22	7
22	7
9	7
9	7
22	7
9	7
9	7
9	7
22	7
22	7
22	7
9	7
9	7
9	7
22	7
10	7
22	7
10	7
22	7
9	7
22	7
22	7
10	7
10	7
7	7
9	7
9	7
9	7
9	7
8	7
9	7
22	7
22	7
22	7
9	7
22	7
22	7
9	7
9	7
9	7
9	7
9	7
9	7
9	7
9	7
9	7
9	7
22	7
23	7
9	7
22	7
22	7
22	7
9	7
22	7
9	7
23	7
22	7
9	7
9	7
9	7
9	7
9	7
9	7
9	7
9	7
9	7
9	7
22	7
22	7
22	7
22	7
7	7
22	7
9	7
22	7
9	7
9	7
8	7
22	7
9	7
9	7
9	7
22	7
22	7
7	7
22	7
9	7
9	7
22	7
9	7
22	7
9	7
22	7
22	7
9	7
9	7
23	7
9	7
9	7
9	7
8	7
9	7
9	7
9	7
22	7
22	7
22	7
9	7
9	7
9	7
22	7
22	7
9	7
9	7
22	7
22	7
8	7
22	7
9	7
9	7
9	7
9	7
9	7
9	7
9	7
22	7
9	7
22	7
8	7
9	7
22	7
9	7
9	7
22	7
9	7
22	7
9	7
9	7
9	7
8	7
9	7
22	7
22	7
9	7
9	7
22	7
9	7
9	7
22	7
22	7
22	7
9	7
9	7
22	7
9	7
9	7
9	7
9	7
22	7
9	7
10	7
23	7
9	7
22	7
22	7
9	7
22	7
9	7
9	7
22	7
9	7
9	7
23	7
9	7
10	7
23	7
9	7
9	7
9	7
9	7
9	7
22	7
22	7
22	7
22	7
9	7
22	7
22	7
9	7
8	7
22	7
9	7
9	7
23	7
9	7
9	7
9	7
22	7
9	7
22	7
22	7
9	7
9	7
22	7
10	7
8	7
22	7
9	7
9	7
22	7
9	7
8	7
9	7
22	7
9	7
9	7
9	7
9	7
9	7
9	7
22	7
22	7
8	7
9	7
23	7
8	7
22	7
22	7
22	7
9	7
9	7
22	7
9	7
9	7
9	7
8	7
22	7
22	7
9	7
9	7
22	7
22	7
9	7
22	7
9	7
22	7
9	7
8	7
23	7
9	7
22	7
22	7
9	7
22	7
22	7
8	7
9	7
9	7
9	7
22	7
13	7
7	7
22	7
22	7
9	7
9	7
22	7
9	7
8	7
22	7
9	7
23	7
9	7
8	7
9	7
22	7
9	7
8	7
23	7
9	7
9	7
8	7
22	7
22	7
22	7
8	7
9	7
9	7
22	7
9	7
22	7
9	7
9	7
23	7
22	7
22	7
9	7
22	7
22	7
22	7
22	7
9	7
9	7
9	7
9	7
9	7
9	7
22	7
9	7
9	7
22	7
22	7
22	7
9	7
9	7
22	7
22	7
9	7
22	7
9	7
9	7
9	7
9	7
9	7
22	7
13	7
23	7
7	7
22	7
22	7
22	7
22	7
22	7
22	7
22	7
22	7
22	7
9	7
9	7
9	7
22	7
22	7
9	7
9	7
8	7
23	7
9	7
9	7
23	7
9	7
10	7
22	7
22	7
22	7
22	7
9	7
22	7
9	7
22	7
13	7
7	7
9	7
9	7
22	7
9	7
9	7
22	7
9	7
22	7
23	7
22	7
23	7
9	7
22	7
9	7
22	7
9	7
10	7
9	7
22	7
9	7
9	7
22	7
9	7
22	7
9	7
9	7
9	7
9	7
9	7
9	7
22	7
22	7
9	7
22	7
9	7
22	7
23	7
22	7
22	7
9	7
9	7
9	7
9	7
9	7
9	7
22	7
22	7
9	7
10	7
MPU6050 status: 0
Calculating offsets, do not move Cha Cha
Done Gyro Calibration
9	0
9	0
10	0
10	0
7	0
10	0
9	0
9	0
9	0
22	0
9	0
22	0
22	0
10	0
11	0
22	0
22	0
22	0
7	0
22	0
22	0
22	0
22	0
9	0
7	0
22	0
10	0
22	0
22	0
9	0
22	0
22	0
9	0
22	0
10	0
8	0
7	0
22	0
7	0
23	0
22	0
9	0
22	0
7	0
7	0
22	0
9	0
10	0
10	0
7	0
9	0
9	0
7	0
22	0
22	0
22	0
22	0
9	0
9	0
22	0
9	0
9	0
22	0
22	0
22	0
9	0
9	0
9	0
9	0
9	0
9	0
9	0
9	0
22	0
9	0
9	0
7	0
9	0
22	0
22	0
7	0
9	0
22	0
22	0
9	0
22	0
13	0
23	0
8	0
7	0
9	0
7	0
22	0
9	0
9	0
7	0
9	0
22	0
22	0
9	0
22	0
23	0
22	0
9	0
9	0
9	0
9	0
9	0
9	0
7	0
7	0
9	0
10	0
22	0
22	0
9	0
22	0
22	0
7	0
22	0
9	0
9	0
22	0
22	0
9	0
9	0
9	0
9	0
22	0
9	0
9	0
9	0
9	0
9	0
9	0
22	0
22	0
22	0
9	0
7	0
9	0
9	0
9	0
10	0
22	0
22	0
9	0
22	0
22	0
22	0
9	0
9	0
10	0
9	0
9	0
9	0
9	0
9	0
22	0
7	0
9	0
9	0
10	0
9	0
7	0
9	0
10	0
22	0
6	0
22	0
9	0
9	0
9	0
9	0
9	0
9	0
22	0
10	0
9	0
7	0
9	0
22	0
22	0
9	0
7	0
9	0
22	0
9	0
7	0
9	0
9	0
7	0
9	0
9	0
22	0
7	0
7	0
9	0
9	0
9	0
7	0
9	0
9	0
22	0
22	0
9	0
22	0
23	0
9	0
9	0
9	0
10	0
9	0
9	0
10	0
22	0
9	0
9	0
9	0
9	0
22	0
7	0
9	0
9	0
9	0
9	0
9	0
9	0
9	0
22	0
7	0
9	0
7	0
22	0
23	0
22	0
10	0
22	0
7	0
22	0
10	0
22	0
10	0
7	0
10	0
7	0
10	0
22	0
9	0
10	0
9	0
9	0
9	0
9	0
22	0
9	0
22	0
10	0
9	0
9	0
9	0
9	0
9	0
7	0
22	0
7	0
9	0
9	0
9	0
9	0
9	0
9	0
9	0
9	0
9	0
22	0
22	0
22	0
10	0
22	0
22	0
22	0
9	0
10	0
22	0
10	0
7	0
7	0
9	0
10	0
9	0
10	0
22	0
7	0
7	0
9	0
10	0
22	0
6	0
9	0
7	0
7	0
10	0
22	0
22	0
9	0
22	0
22	0
23	0
9	0
22	0
22	0
10	0
22	0
22	0
22	0
8	0
10	0
22	0
9	0
7	0
7	0
9	0
7	0
7	0
22	0
7	0
7	0
22	0
7	0
9	0
9	0
22	0
6	0
7	0
7	0
9	0
9	0
22	0
9	0
22	0
22	0
7	0
7	0
7	0
9	0
7	0
7	0
7	0
9	0
9	0
9	0
8	0
7	0
10	0
22	0
22	0
22	0
7	0
10	0
10	0
22	0
6	0
23	0
22	0
22	0
6	0
7	0
7	0
22	0
22	0
7	0
10	0
7	0
7	0
7	0
7	0
8	0
7	0
7	0
7	0
10	0
8	0
10	0
7	0
7	0
7	0
7	0
7	0
7	0
7	0
7	0
7	0
7	0
7	0
10	0
8	0
7	0
7	1
7	1
7	1
7	1
7	1
7	1
6	1
6	1
22	1
6	1
7	1
7	1
22	1
7	1
7	1
7	1
7	2
6	2
7	2
7	2
8	2
7	2
22	2
7	2
7	2
7	2
7	2
7	2
7	2
7	2
7	2
7	2
7	2
7	2
7	2
7	2
7	2
7	2
7	2
7	2
7	2
7	2
7	2
7	2
8	2
7	2
7	2
7	2
7	2
8	2
7	2
7	2
7	2
7	2
7	2
7	2
7	2
7	2
22	2
22	2
7	3
7	3
8	3
8	3
7	3
7	3
7	3
10	3
7	3
7	3
22	3
6	3
7	3
7	3
7	3
10	3
7	3
7	3
7	3
7	3
7	3
7	4
7	4
7	4
7	4
7	4
7	4
7	4
7	4
7	4
7	4
7	4
7	4
7	4
7	4
8	5
7	5
7	5
7	5
7	5
7	5
7	5
7	5
7	5
7	5
7	5
7	5
7	5
7	5
7	5
7	5
7	5
7	5
7	5
7	5
7	5
7	5
7	5
7	5
7	5
7	5
7	6
7	6
7	6
7	6
7	6
7	6
7	6
7	6
7	6
7	6
7	6
7	6
7	6
7	6
7	6
7	6
7	6
7	6
7	6
7	6
7	6
7	7
7	7
7	7
7	7
7	7
7	7
7	7
7	7
7	7
7	7
7	7
7	7
7	7
7	7
7	7
7	7
7	7
7	7
7	7
7	7
7	7
7	7
7	7
7	7
7	7
7	7
7	7
7	7
7	7
7	7
7	7
7	7
7	7
7	7
7	7
7	7
7	7
7	7
7	7
7	7
7	7
7	7
7	7
7	7
7	7
7	7
7	7
7	7
7	7
7	7
7	7
7	7
6	7
7	7
7	7
7	7
7	7
7	7
7	7
6	7
7	7
7	7
7	7
7	7
7	7
7	7
7	8
7	8
7	8
7	8
7	8
7	8
7	8
7	8
8	8
7	8
6	8
7	8
7	8
6	8
7	8
7	8
7	8
7	8
7	8
6	8
7	8
7	8
7	8
8	8
6	8
7	8
7	8
7	8
7	8
7	8
7	8
7	9
8	9
7	9
7	9
7	9
7	9
7	9
6	9
7	9
7	9
7	9
6	9
7	9
8	9
7	9
6	9
6	9
6	9
7	9
7	9
7	9
7	9
8	9
7	9
7	9
7	10
7	10
7	10
7	10
7	10
7	10
7	10
7	10
7	10
7	10
7	10
7	10
7	10
7	10
7	10
7	10
7	10
7	10
7	10
7	10
7	10
7	10
7	10
8	10
7	10
7	11
7	11
8	11
7	11
7	11
7	11
7	11
7	11
7	11
7	11
7	11
7	11
7	11
7	11
7	11
7	11
7	11
7	11
7	11
7	11
7	11
7	11
7	11
7	12
7	12
7	12
7	12
7	12
7	12
7	12
7	12
7	12
7	12
7	12
7	12
7	12
7	12
7	12
7	12
7	12
7	12
7	12
7	12
7	12
7	12
7	12
7	13
7	13
7	13
6	13
7	13
7	13
7	13
7	13
7	13
7	13
7	13
8	13
8	13
7	13
6	13
7	13
7	13
7	13
7	13
7	13
7	13
7	13
7	13
7	13
6	13
7	13
7	14
7	14
7	14
7	14
7	14
7	14
7	14
7	14
7	14
7	14
7	14
6	14
7	14
7	14
7	14
7	14
7	14
7	14
7	14
7	14
7	14
7	14
7	14
7	14
7	14
7	14
7	14
7	14
7	15
7	15
7	15
7	15
7	15
7	15
7	15
8	15
8	15
7	15
7	15
6	15
7	15
7	15
7	15
7	15
7	15
7	15
7	15
7	15
7	15
7	15
7	15
7	15
7	15
7	15
7	15
7	16
7	16
7	16
7	16
7	16
7	16
7	16
7	16
7	16
6	16
7	16
7	16
7	16
7	16
7	16
7	16
7	16
7	16
7	16
7	16
7	16
7	16
7	16
7	16
7	16
7	16
7	16
7	16
6	16
7	16
7	16
7	16
7	16
7	16
7	16
7	17
6	17
8	17
7	17
7	17
7	17
24	17
7	17
7	17
7	17
7	17
7	17
6	17
6	17
7	17
6	17
7	17
7	17
7	17
7	17
7	17
7	17
7	17
7	17
7	17
7	17
7	17
7	17
7	17
6	17
7	17
7	17
7	17
7	17
6	17
7	17
7	18
7	18
8	18
24	18
7	18
6	18
7	18
7	18
7	18
7	18
6	18
24	18
7	18
7	18
7	18
7	18
8	19
7	19
6	19
7	19
7	19
7	19
24	19
7	19
7	19
7	19
7	19
7	19
8	19
7	19
7	19
7	19
7	19
7	19
8	19
7	20
7	20
7	20
7	20
7	20
7	20
7	20
7	20
7	20
7	20
7	20
24	20
7	20
7	20
7	20
7	20
7	20
7	20
7	20
6	20
7	20
8	21
7	21
7	21
7	21
7	21
7	21
7	21
7	21
7	21
7	21
7	21
7	21
6	21
7	21
7	21
7	21
7	21
7	21
7	21
6	21
7	21
7	21
7	21
7	21
7	21
7	22
7	22
7	22
7	22
24	22
7	22
7	22
7	22
6	22
7	22
7	22
7	22
7	22
7	22
7	22
7	22
7	22
7	22
7	22
7	22
7	22
7	22
7	22
7	22
7	22
7	22
7	22
7	22
7	22
7	22
7	22
6	22
7	22
7	22
7	22
8	22
8	22
7	22
7	22
7	22
25	22
7	22
7	22
7	22
7	22
7	23
7	23
6	23
7	23
7	23
7	23
7	23
8	23
7	23
7	23
6	23
7	23
7	23
7	23
7	23
7	23
7	23
6	23
7	23
6	23
7	23
7	23
7	23
7	23
7	23
7	23
6	23
7	23
7	23
7	23
7	23
7	23
6	24
7	24
8	24
7	24
24	24
6	24
7	24
7	24
7	24
6	24
7	24
6	24
7	24
7	24
7	24
7	24
8	24
7	24
7	24
7	24
7	24
7	24
7	24
7	24
7	24
7	24
6	24
7	24
7	24
7	24
7	24
7	24
7	24
7	24
7	24
7	24
7	24
7	24
7	24
7	24
7	24
6	24
7	24
7	24
7	24
7	24
7	25
6	25
7	25
7	25
7	25
7	25
7	25
7	25
7	25
7	25
7	25
7	25
7	25
7	25
7	25
7	25
7	25
7	25
7	25
6	25
7	25
8	25
7	25
7	26
7	26
7	26
25	26
7	26
7	26
6	26
7	26
7	26
6	26
6	26
7	26
8	26
7	26
26	26
7	26
7	26
7	26
8	26
7	26
7	26
7	26
7	26
7	26
6	26
7	26
7	26
6	26
7	26
7	26
7	26
6	26
7	26
7	26
7	26
7	26
7	26
8	26
7	26
7	26
7	26
7	26
7	26
7	26
7	26
7	26
26	26
7	26
6	26
7	26
7	26
7	26
8	27
7	27
8	27
27	27
8	27
6	27
7	27
7	27
7	27
7	27
7	27
7	27
7	27
8	27
7	27
6	27
6	27
7	27
6	27
7	27
7	27
7	27
6	27
26	27
7	27
7	27
7	27
6	27
6	27
7	27
7	27
7	28
6	28
8	28
7	28
6	28
7	28
27	28
7	28
7	28
6	28
7	28
27	28
7	28
7	28
7	28
7	28
7	28
7	28
7	28
7	28
7	28
7	28
6	28
7	28
6	28
7	28
7	28
6	28
7	28
7	28
7	28
7	28
7	28
7	28
7	28
6	28
7	28
7	28
7	28
26	28
8	28
6	29
7	29
26	29
7	29
6	29
7	29
6	29
6	29
6	29
7	29
7	29
7	29
27	29
7	29
7	29
7	29
7	29
8	29
7	29
7	29
7	29
7	29
8	29
7	30
7	30
7	30
7	30
6	30
6	30
6	30
6	30
6	30
7	30
6	30
7	30
26	30
7	30
10	30
6	30
7	30
8	30
7	30
7	30
7	30
7	30
7	30
7	30
6	30
6	30
27	30
7	30
7	30
7	30
8	30
7	30
6	30
7	30
7	30
7	30
7	30
9	30
6	30
6	30
7	30
6	30
7	30
6	30
7	30
6	30
7	30
7	30
7	30
6	30
8	30
7	30
6	30
7	30
8	30
7	30
7	30
7	30
7	30
6	30
7	30
7	30
7	30
7	30
6	30
7	30
7	30
7	30
7	30
7	30
7	30
8	30
7	30
7	30
26	30
7	30
28	30
7	30
7	30
6	30
8	30
7	30
7	30
7	30
7	30
7	30
7	30
27	30
7	30
6	30
8	30
7	30
6	30
26	30
7	30
7	30
8	30
7	30
7	30
6	30
7	30
7	31
7	31
7	31
7	31
7	31
7	31
7	31
7	31
7	31
28	31
7	31
7	31
7	31
27	31
7	31
7	31
7	31
7	31
6	31
7	31
7	31
7	31
7	31
7	31
6	31
27	31
7	31
6	31
7	31
7	31
6	31
6	31
6	31
29	31
7	31
7	31
7	31
8	31
7	31
27	31
7	31
7	31
7	31
8	31
7	31
6	31
29	31
7	31
7	31
7	31
7	31
6	31
8	31
6	31
7	31
7	31
7	31
7	31
6	31
7	31
7	31
6	31
6	31
6	31
10	31
6	31
6	31
7	31
7	31
7	31
6	31
6	31
6	31
7	31
7	31
7	31
7	31
7	31
6	31
6	31
7	31
6	31
7	31
6	31
27	31
7	31
7	31
7	31
7	31
7	31
6	31
6	31
6	31
6	31
27	31
7	31
7	31
6	31
8	31
7	31
7	31
27	32
7	32
7	32
7	32
7	32
7	32
7	32
7	32
7	32
7	32
6	32
7	32
7	32
7	32
7	32
7	32
7	32
7	32
7	32
7	32
7	32
7	32
7	32
7	32
7	32
7	32
7	32
6	32
6	32
7	32
7	32
7	32
7	32
7	32
7	32
7	32
7	32
7	32
7	32
7	32
7	32
7	33
7	33
7	33
7	33
7	33
6	33
7	33
7	33
7	33
7	33
7	33
7	33
7	33
7	33
7	33
7	33
7	33
7	33
7	33
7	33
6	33
7	33
7	33
7	33
7	33
7	33
7	33
7	33
7	33
7	33
7	33
7	33
7	33
7	33
7	33
7	33
7	33
7	33
7	33
7	33
7	33
7	33
7	33
7	33
7	33
7	34
7	34
7	34
7	34
7	34
7	34
7	34
7	34
7	34
7	34
7	34
7	34
7	34
7	34
7	34
7	34
7	34
7	34
7	34
6	34
7	34
7	34
7	34
7	34
7	34
6	34
7	34
7	34
7	34
7	34
7	34
7	34
6	34
7	34
7	34
7	34
7	34
7	35
7	35
7	35
7	35
7	35
7	35
7	35
7	35
7	35
7	35
7	35
6	35
7	35
7	35
7	35
7	35
6	35
7	35
7	35
7	35
7	35
7	36
7	36
7	36
7	36
7	36
7	36
7	36
7	36
7	36
7	36
7	36
7	36
7	36
7	36
7	36
7	36
7	36
7	36
7	36
7	36
7	36
7	36
7	36
7	37
7	37
7	37
7	37
7	37
7	37
7	37
7	37
7	37
7	37
7	37
7	37
7	37
7	37
7	37
7	37
7	37
7	37
7	37
7	37
7	37
7	37
7	37
7	37
7	37
7	37
7	37
7	37
7	37
7	37
7	37
7	37
7	37
7	37
7	37
7	37
7	37
7	37
7	37
7	37
7	37
7	37
7	37
7	37
7	38
7	38
7	38
7	38
7	38
7	38
7	38
7	38
7	38
7	38
7	38
7	38
7	38
7	38
7	38
7	38
7	38
6	38
7	39
7	39
7	39
7	39
7	39
7	39
7	39
7	39
7	39
7	39
7	39
7	39
7	39
7	39
7	39
7	39
7	40
7	40
7	40
7	40
7	40
7	40
7	40
7	40
7	40
7	40
7	40
7	40
7	40
7	41
7	41
7	41
7	41
7	41
7	41
7	41
7	41
7	41
7	41
7	42
7	42
7	42
7	42
7	42
7	42
7	42
7	42
7	42
7	42
7	42
7	42
7	42
7	42
6	42
7	42
6	42
6	42
7	42
7	42
7	42
7	42
7	42
7	42
7	42
7	42
7	42
7	43
7	43
7	43
7	43
7	43
7	43
7	43
7	43
7	43
7	43
7	43
7	43
7	43
7	43
7	43
7	43
7	43
7	43
7	44
7	44
7	44
7	44
7	44
7	44
7	44
7	44
7	44
7	44
7	44
7	44
7	44
7	44
7	44
7	45
7	45
7	45
6	45
7	45
7	45
7	45
7	45
7	45
7	45
8	45
7	45
7	45
7	45
7	45
7	45
7	45
7	45
7	45
7	45
7	45
7	45
7	45
7	45
7	45
7	45
7	45
7	45
7	45
7	46
7	46
7	46
7	46
7	46
7	46
6	46
7	46
6	46
7	46
7	46
7	46
7	46
7	46
7	46
7	46
7	46
7	46
7	46
7	46
7	46
7	46
7	46
7	46
7	46
7	47
7	47
7	47
7	47
7	47
7	47
7	47
7	47
7	47
7	47
7	47
7	47
7	47
7	47
7	47
7	48
7	48
7	48
7	48
7	48
7	48
7	48
7	48
7	48
7	48
7	48
7	49
7	49
7	49
7	49
7	49
7	49
7	49
7	49
7	49
7	50
7	50
7	50
7	50
7	50
7	50
7	50
7	50
7	50
7	50
7	51
7	51
7	51
7	51
7	51
7	51
7	51
7	51
7	51
7	51
7	51
7	51
7	51
7	52
7	52
7	52
7	52
7	52
7	52
7	52
7	52
7	52
7	52
7	52
7	52
7	52
7	52
7	53
7	53
7	53
7	53
7	53
7	53
7	53
7	53
7	53
7	53
7	53
7	53
7	53
7	53
7	53
7	53
7	54
7	54
7	54
7	54
7	54
7	54
7	54
7	54
7	54
7	54
7	54
7	54
7	54
7	54
7	55
7	55
7	55
7	55
7	55
7	55
7	55
7	55
7	55
7	55
7	55
7	55
7	55
7	55
7	55
7	55
7	55
7	55
7	56
7	56
7	56
7	56
7	56
7	56
7	56
7	56
7	56
7	56
7	56
7	56
7	56
7	56
7	56
7	56
7	56
7	56
7	56
7	56
7	56
7	57
6	57
7	57
7	57
7	57
7	57
8	57
7	57
6	57
7	57
7	57
7	57
7	57
7	57
7	57
7	57
7	57
6	57
6	57
7	57
7	57
7	57
7	57
7	57
7	58
7	58
7	58
7	58
7	58
7	58
7	58
7	58
7	58
7	58
7	58
7	58
7	58
7	58
7	58
7	58
7	58
7	58
7	58
7	59
7	59
7	59
7	59
7	59
7	59
7	59
7	59
7	59
7	59
7	59
7	59
7	59
7	59
7	59
7	59
7	59
7	59
7	59
7	59
7	59
7	59
7	59
7	59
7	59
7	59
7	59
7	59
7	59
7	59
7	59
7	60
7	60
7	60
7	60
7	60
7	60
7	60
7	60
7	60
7	60
7	60
7	60
7	60
7	60
7	60
7	60
7	60
7	60
7	60
7	60
7	60
7	61
7	61
7	61
7	61
7	61
7	61
7	61
7	61
7	61
7	61
7	61
7	61
7	61
7	62
7	62
7	62
7	62
7	62
7	62
7	62
7	62
7	62
7	62
7	62
7	63
7	63
7	63
7	63
7	63
7	63
7	63
7	63
7	63
7	63
7	63
7	63
7	64
7	64
6	64
7	64
7	64
7	64
7	64
7	64
7	64
7	64
7	64
7	64
7	64
7	64
7	64
7	64
7	64
7	64
7	64
7	64
7	64
7	64
7	64
7	64
7	64
7	65
7	65
7	65
7	65
7	65
7	65
7	65
7	65
7	65
7	65
7	65
7	65
7	65
7	65
7	65
7	65
7	65
7	65
7	65
7	65
7	65
7	66
7	66
37	66
46	66
6	66
7	66
7	66
7	66
7	66
7	66
7	66
7	66
7	66
7	66
7	66
8	66
7	66
7	66
7	66
7	67
7	67
7	67
7	67
7	67
7	67
7	67
7	67
7	67
7	67
7	67
7	67
7	67
7	67
7	67
7	67
7	67
7	67
7	67
7	67
7	67
7	67
7	67
7	67
7	67
7	67
7	67
7	67
7	67
7	67
7	67
7	67
7	67
7	67
7	67
7	67
7	67
7	67
7	67
7	67
7	68
7	68
7	68
7	68
7	68
7	68
7	68
7	68
7	68
39	68
47	69
7	69
7	69
7	69
7	69
7	69
7	69
7	69
7	69
7	70
7	70
7	70
7	70
7	70
7	70
8	70
7	70
8	70
7	70
7	70
7	70
7	70
7	70
7	71
7	71
7	71
7	71
7	71
7	71
7	71
7	71
7	71
7	71
7	71
7	71
7	71
7	71
7	71
7	71
7	71
7	71
6	71
7	71
6	71
7	71
7	71
7	71
7	71
6	71
7	71
7	71
39	71
46	71
6	71
40	71
6	71
7	71
7	71
7	71
7	72
7	72
7	72
7	72
7	72
7	72
7	72
7	72
7	72
7	72
7	72
39	72
6	72
7	72
7	72
7	73
7	73
7	73
7	73
7	73
7	73
7	73
7	73
7	73
7	73
7	73
7	73
7	73
7	73
7	73
6	74
7	74
7	74
7	74
7	74
7	74
8	74
7	74
7	74
7	74
7	74
7	74
7	74
39	74
7	75
7	75
7	75
7	75
7	75
7	75
7	75
7	75
7	75
7	75
7	75
7	75
7	75
7	75
7	75
7	75
7	75
8	75
8	75
7	75
7	75
7	75
7	75
7	75
7	75
7	76
7	76
40	76
7	76
7	76
7	76
41	76
46	76
7	76
10	76
7	76
7	76
7	76
39	76
7	76
7	76
46	77
7	77
7	77
7	77
7	77
8	77
7	77
7	77
7	77
7	77
7	77
9	77
7	77
7	77
7	77
7	77
8	77
7	78
7	78
7	78
7	78
7	78
39	78
6	78
7	78
7	78
7	78
7	78
7	78
7	78
6	78
7	78
37	78
9	78
6	78
7	78
7	78
6	78
6	78
6	78
7	78
7	78
8	78
38	78
6	78
10	78
7	78
37	78
6	79
7	79
7	79
8	79
7	79
6	79
7	79
7	79
7	79
7	79
37	79
9	79
10	79
7	79
7	79
37	79
8	79
7	79
7	79
7	79
7	79
7	79
7	79
7	79
8	79
7	79
7	79
7	79
8	79
7	79
7	79
8	79
7	79
7	79
7	79
7	79
7	79
7	79
38	79
6	79
7	79
7	79
7	79
8	79
7	79
7	79
7	79
8	79
7	79
7	79
7	79
7	80
7	80
7	80
7	80
7	80
7	80
7	80
37	80
46	80
7	80
7	80
7	80
7	81
7	81
6	81
6	81
6	81
37	81
9	81
36	81
7	81
7	81
7	81
7	81
7	82
7	82
7	82
7	82
6	82
7	82
39	82
46	82
7	82
7	82
7	82
7	82
7	82
7	82
7	82
38	83
6	83
6	83
7	83
7	83
7	83
6	83
7	83
8	83
7	83
37	83
46	83
46	83
10	83
7	83
6	83
7	83
36	83
7	83
37	83
46	83
7	83
6	83
7	83
7	83
6	83
7	83
37	83
7	83
37	83
46	83
7	83
7	83
6	83
10	83
9	83
7	83
8	83
7	83
10	83
7	83
7	83
7	83
7	84
7	84
35	84
45	84
7	84
7	84
7	84
7	84
7	84
7	84
7	84
7	84
7	84
7	84
6	84
7	84
7	84
6	84
7	84
8	84
10	84
7	84
8	85
10	85
7	85
7	85
7	85
6	85
7	85
6	85
7	85
7	85
7	86
8	86
7	86
7	86
7	86
7	86
6	86
7	86
37	86
6	86
7	87
7	87
7	87
6	87
10	87
10	87
7	87
7	87
7	87
7	87
8	87
7	87
7	87
7	87
8	87
7	87
8	87
7	87
7	87
10	87
7	87
38	87
6	87
6	87
7	87
8	87
7	87
7	87
7	87
7	87
7	87
8	87
7	87
7	87
37	87
8	87
7	87
7	87
7	87
7	87
7	87
7	87
6	87
7	87
7	87
6	87
10	87
7	87
8	87
10	87
7	87
7	87
7	87
7	87
7	87
7	87
38	87
7	87
7	87
8	87
7	87
6	87
38	87
46	87
6	87
7	87
38	87
6	87
6	87
7	88
8	88
36	88
6	88
7	88
7	88
7	88
7	88
7	88
8	88
8	88
7	88
7	88
39	88
6	88
7	88
7	88
10	88
7	88
38	88
46	88
6	88
7	88
7	88
7	88
7	88
7	88
7	88
7	88
7	88
7	89
7	89
7	89
9	89
36	89
46	89
45	89
6	89
10	89
7	89
37	89
46	89
6	89
7	89
7	89
7	89
7	89
7	89
7	89
7	89
38	89
9	89
7	89
7	89
38	89
7	89
7	89
7	89
7	89
7	90
7	90
7	90
7	90
38	90
6	90
7	90
7	90
7	90
38	90
7	90
7	90
7	90
7	90
7	90
8	90
7	90
39	90
46	90
7	90
39	90
46	90
7	90
7	90
7	90
7	90
7	90
39	90
6	90
7	90
7	90
10	90
7	90
7	90
7	90
10	90
7	90
40	90
7	90
7	90
7	90
7	90
39	91
7	91
7	91
7	91
10	91
7	91
6	91
7	91
41	91
11	91
7	91
41	91
6	91
7	91
7	91
38	91
6	91
41	91
7	91
10	91
7	91
7	91
7	91
40	91
46	91
6	91
7	92
7	92
7	92
7	92
7	92
7	92
10	92
38	92
7	92
7	92
8	92
7	92
8	92
7	92
7	92
7	92
10	92
7	92
7	92
7	92
7	92
7	92
7	92
10	92
7	92
7	93
7	93
7	93
7	93
7	93
7	93
8	93
41	93
7	93
7	93
7	93
7	93
7	93
7	93
10	93
7	93
7	93
7	93
7	93
7	93
9	93
42	93
7	93
43	93
6	93
7	93
7	93
7	93
7	93
7	94
7	94
8	94
7	94
44	94
7	94
43	94
7	94
7	94
7	94
7	94
7	94
6	94
7	94
7	94
7	94
10	94
7	94
7	94
7	94
7	94
7	94
7	95
7	95
7	95
44	95
8	95
7	95
7	95
7	95
10	95
40	95
7	95
7	95
42	95
7	95
7	96
7	96
7	96
10	96
7	96
7	96
7	96
7	96
7	96
7	96
7	96
7	96
43	96
6	96
7	96
7	96
7	96
7	96
7	96
7	97
7	97
7	97
7	97
7	97
7	97
7	97
8	97
7	97
7	97
7	97
7	97
7	97
7	97
7	97
44	97
6	97
7	97
10	97
40	97
7	97
8	97
7	97
7	97
7	97
7	97
7	97
7	97
8	97
7	97
7	97
7	97
7	97
44	97
8	97
10	98
7	98
8	98
7	98
43	98
6	98
44	98
8	98
7	98
7	98
7	98
8	98
7	99
7	99
7	99
7	99
7	99
8	99
8	99
7	99
8	99
7	99
43	99
47	99
46	99
9	99
7	99
7	99
8	99
7	99
8	99
7	99
7	99
7	99
7	99
7	99
8	99
10	99
40	99
47	99
46	99
7	99
7	99
8	100
7	100
7	100
8	100
7	100
7	100
7	100
7	100
41	100
6	100
10	100
7	100
7	100
7	100
7	101
7	101
7	101
37	101
47	101
7	101
7	101
7	101
7	101
37	102
46	102
8	102
7	102
7	102
7	102
6	102
7	102
7	102
7	102
7	103
37	103
9	103
7	103
7	103
39	103
6	103
7	103
10	103
7	103
38	103
47	103
7	103
10	103
10	103
7	104
6	104
10	104
7	104
37	104
46	104
9	104
7	104
7	104
7	104
7	104
38	105
6	105
7	105
7	105
7	105
7	105
9	105
7	105
7	105
9	105
10	105
7	105
37	106
7	106
36	106
47	106
10	106
8	106
37	106
7	106
7	106
7	106
37	106
8	106
7	106
7	106
7	106
36	106
7	106
38	106
8	106
35	107
6	107
7	107
7	107
38	107
7	107
35	107
8	107
6	107
37	107
7	107
36	107
47	107
46	107
8	107
7	107
38	107
9	107
8	107
7	107
36	107
7	107
36	107
47	107
7	107
7	107
7	107
7	107
7	107
7	107
36	107
6	107
7	107
8	107
7	107
39	107
6	108
7	108
7	108
38	108
6	108
7	108
7	108
7	108
7	108
36	108
7	108
7	108
7	108
37	109
47	109
10	109
37	109
6	109
37	109
8	109
7	109
37	109
47	109
10	109
7	109
7	109
7	110
7	110
38	110
8	110
7	110
37	110
47	110
6	110
7	110
7	110
7	110
7	110
38	110
6	110
7	110
7	110
38	111
47	111
47	111
47	111
47	111
47	111
47	111
7	111
7	111
39	111
7	111
7	111
7	111
37	111
6	111
7	111
7	112
7	112
7	112
37	112
6	112
7	112
7	112
7	112
7	112
10	112
41	112
6	112
7	112
7	112
7	112
7	112
7	112
47	112
48	112
48	112
48	112
9	112
8	112
38	112
47	112
6	112
7	112
44	112
47	112
48	112
7	112
7	112
44	112
7	113
39	113
7	113
7	113
44	113
6	113
7	113
7	113
7	114
7	114
7	114
7	114
7	114
10	114
7	114
7	114
47	115
48	115
6	115
7	115
7	115
7	115
7	115
8	116
47	116
48	116
9	116
7	116
10	116
8	117
7	117
48	117
48	117
48	118
47	118
7	118
7	118
10	118
7	119
7	119
10	119
47	119
6	120
7	120
48	120
10	120
7	120
48	121
7	121
48	121
7	121
7	122
8	122
7	122
49	122
7	122
7	123
7	123
10	123
7	123
10	123
7	123
8	124
7	124
7	124
7	124
7	124
7	124
7	125
7	125
7	125
7	125
7	125
7	125
7	125
7	125
7	125
7	126
8	126
8	126
8	126
8	126
7	126
49	126
49	126
10	126
49	126
50	126
7	127
7	127
7	127
7	127
7	127
7	127
7	127
7	127
8	127
8	127
49	127
7	127
7	127
7	127
7	127
7	128
7	128
7	128
7	128
7	128
7	128
7	128
7	128
7	128
7	128
7	128
7	128
7	128
7	129
7	129
7	129
7	129
7	129
7	129
7	129
7	129
7	129
7	129
7	129
7	129
7	130
7	130
7	130
7	130
7	130
7	130
7	130
7	130
7	130
7	130
7	130
7	130
7	130
7	131
7	131
7	131
8	131
7	131
8	131
7	132
8	132
8	132
8	132
52	132
8	132
7	132
7	133
7	133
7	133
8	133
8	133
8	133
8	133
8	134
52	134
7	134
7	134
7	134
7	134
7	134
8	135
8	135
8	135
52	135
7	135
7	135
7	135
52	135
7	135
7	135
7	135
8	135
7	135
51	135
7	136
7	136
8	136
7	136
7	136
51	136
8	136
7	136
7	136
7	136
8	136
52	136
7	136
7	136
7	136
53	136
7	136
7	136
7	137
7	137
7	137
52	137
7	137
7	137
7	137
53	137
7	138
7	138
7	138
8	138
8	138
8	138
8	139
8	139
10	139
6	139
7	140
10	140
6	140
7	140
52	141
53	141
7	141
7	142
8	142
7	142
7	142
7	142
7	143
7	143
8	143
7	143
7	143
7	143
7	143
7	144
7	144
7	144
7	144
7	144
7	144
7	144
7	144
7	144
7	144
7	144
7	144
7	144
7	144
7	144
7	144
7	144
7	144
7	144
7	144
7	144
7	144
7	144
7	144
8	144
7	144
7	144
7	144
7	144
7	144
7	144
7	144
7	144
7	144
7	144
7	144
7	144
7	144
7	144
7	144
7	144
7	144
7	144
7	144
7	144
7	144
7	144
7	144
7	144
7	144
7	144
7	144
7	144
7	144
7	145
7	145
7	145
7	145
7	145
7	145
7	145
7	145
7	145
7	145
7	145
7	145
7	145
7	145
7	146
7	146
7	146
7	146
7	146
7	146
7	146
7	146
7	146
7	146
7	146
7	146
7	146
7	146
7	146
7	146
7	146
7	146
7	146
7	146
7	146
7	146
7	146
7	146
7	146
7	146
7	146
7	146
7	146
7	146
7	146
7	146
7	146
7	146
7	146
7	146
7	146
7	146
7	146
7	146
7	146
7	146
7	147
7	147
7	147
7	147
7	147
7	147
7	147
7	147
7	147
7	147
7	147
7	147
7	147
7	147
7	148
7	148
7	148
7	148
6	148
6	148
7	148
6	149
6	149
6	149
7	149
6	149
6	149
7	149
7	150
7	150
7	150
6	150
7	150
7	150
7	150
7	150
7	150
7	150
7	150
7	150
7	150
7	151
7	151
7	151
7	151
7	151
7	151
7	151
7	151
7	151
7	151
7	151
7	151
7	151
7	151
7	151
7	151
7	152
7	152
7	152
7	152
7	152
7	152
7	152
7	152
7	152
7	152
7	152
7	152
7	153
7	153
7	153
7	153
8	153
7	153
7	153
7	153
7	154
7	154
7	154
7	154
7	154
7	154
7	154
7	154
7	154
7	155
7	155
7	155
7	155
7	155
7	155
7	155
7	155
7	155
7	155
7	155
7	155
7	155
7	155
7	155
7	155
7	155
7	155
7	155
7	155
7	155
7	155
7	155
7	155
7	155
7	155
7	155
7	155
7	155
7	155
7	155
7	155
7	155
7	155
7	155
7	155
7	155
7	155
7	155
7	155
7	155
7	155
7	155
7	155
7	155
7	155
7	155
7	155
7	155
7	155
7	155
7	155
7	155
7	155
7	155
7	155
7	156
7	156
7	156
7	156
7	156
7	156
7	156
7	156
7	156
7	156
7	156
7	156
7	156
7	156
7	156
7	156
7	156
7	156
7	156
7	156
7	156
7	157
7	157
7	157
7	157
7	157
7	157
7	157
7	157
7	157
7	157
7	157
7	157
7	157
7	157
7	157
7	157
7	157
7	157
7	157
7	157
7	157
7	157
7	157
7	157
7	157
7	157
7	157
7	157
7	157
7	157
7	157
7	157
7	157
7	157
7	157
7	157
7	158
7	158
7	158
7	158
7	158
7	158
7	158
7	158
7	158
7	158
7	158
7	158
7	158
7	158
7	159
7	159
7	159
7	159
7	159
7	159
7	159
7	159
7	159
7	159
7	159
7	159
7	160
7	160
7	160
7	160
7	160
7	160
7	160
7	160
7	160
7	160
7	160
7	160
7	160
7	160
7	161
7	161
7	161
7	161
7	161
7	161
7	161
7	161
7	161
7	161
7	161
7	161
7	161
7	161
7	161
7	161
7	161
7	161
7	161
7	161
7	161
7	161
7	161
7	161
7	161
7	161
7	161
7	161
7	161
7	161
7	161
7	161
7	161
7	161
7	161
7	161
7	161
7	161
7	161
7	161
7	161
7	161
7	161
7	161
7	161
7	161
7	161
7	161
7	162
7	162
7	162
7	162
7	162
7	162
7	162
7	162
7	162
7	162
7	162
7	162
7	162
7	162
7	162
7	162
7	162
7	162
7	162
7	162
7	162
7	162
7	162
7	162
7	162
7	162
7	162
7	162
7	162
7	162
7	162
7	162
7	162
7	162
7	162
7	162
7	162
7	162
7	162
7	163
7	163
7	163
7	163
7	163
7	163
7	163
7	163
7	163
7	163
7	163
7	163
7	163
7	163
7	163
7	163
7	163
7	163
7	163
7	163
7	163
7	163
7	163
7	163
7	163
7	163
7	163
7	163
7	163
7	163
7	163
7	163
7	163
7	163
7	163
7	163
7	163
7	163
7	163
7	163
7	163
7	163
7	163
7	163
7	163
7	163
7	163
7	163
7	163
7	163
7	163
7	163
8	163
7	163
8	163
7	163
7	163
8	163
8	163
8	163
8	163
7	163
8	163
7	163
8	163
8	163
7	163
8	163
8	163
8	163
8	163
8	164
8	164
8	164
7	164
7	164
7	164
7	164
8	164
8	164
8	164
8	165
7	165
8	165
7	165
7	165
7	165
8	165
8	165
7	165
7	165
7	165
7	165
7	165
7	165
7	165
7	166
7	166
7	166
7	166
7	166
7	166
7	167
7	167
7	167
8	167
7	167
8	167
8	167
7	167
8	167
8	167
8	167
7	167
7	167
7	167
7	167
7	167
7	167
7	167
8	167
7	167
7	167
7	167
7	167
7	167
8	167
7	167
8	167
8	167
7	167
7	167
7	167
7	167
7	167
7	167
7	167
7	167
7	167
7	167
7	167
7	167
8	167
7	167
7	167
7	167
7	167
7	167
7	167
7	167
7	167
7	167
7	167
7	167
7	167
8	167
7	167
7	167
7	167
7	167
7	167
7	167
7	168
7	168
7	168
7	168
7	168
7	168
7	168
7	168
8	168
8	168
8	168
8	168
8	168
8	168
8	169
7	169
8	169
7	169
7	169
7	169
8	169
8	169
8	169
8	169
8	169
7	169
7	169
7	169
7	169
8	169
8	169
8	169
7	169
7	169
8	169
8	169
7	169
7	169
8	169
8	169
8	169
7	169
8	169
8	169
8	169
8	169
8	169
8	169
7	169
8	169
7	169
8	169
7	169
8	169
8	169
8	169
8	169
8	169
8	169
8	169
8	169
8	169
8	169
8	169
8	169
8	169
8	169
8	169
8	169
8	169
8	169
8	169
8	169
8	169
8	169
8	169
8	169
8	169
8	169
8	169
8	169
8	169
8	170
8	170
8	170
8	170
8	170
8	170
8	170
8	170
8	170
8	170
8	170
8	170
8	170
8	170
8	171
8	171
8	171
8	171
8	171
8	171
8	171
8	171
8	171
8	171
8	171
8	171
8	171
8	171
8	171
8	171
8	171
8	171
8	171
8	171
8	172
8	172
8	172
8	172
8	172
8	172
8	172
8	172
8	172
8	172
8	172
8	172
8	172
8	173
8	173
8	173
8	173
8	173
8	173
8	173
8	173
8	173
8	173
8	173
8	173
8	173
8	174
8	174
8	174
8	174
8	174
8	174
8	174
8	174
8	174
8	174
8	174
8	174
8	174
8	174
8	174
8	174
8	174
8	174
8	174
8	174
8	174
8	174
8	174
8	174
8	174
8	174
8	174
8	174
8	174
8	174
8	174
8	174
8	174
8	174
8	174
8	174
8	174
8	174
8	174
8	174
8	174
7	174
8	174
7	175
8	175
8	175
7	175
8	175
8	175
7	175
7	175
8	175
7	175
7	175
7	175
8	175
8	175
8	175
7	175
7	175
7	175
7	175
7	175
7	175
8	175
7	175
7	175
8	175
8	175
8	175
7	175
8	175
8	175
8	175
7	175
7	175
7	175
7	175
7	175
7	175
7	175
7	176
8	176
8	176
8	176
8	176
7	176
8	176
8	176
7	176
7	176
7	176
7	176
7	176
7	176
7	176
7	176
7	176
7	176
8	176
8	176
7	176
7	176
8	176
7	176
8	176
7	176
7	176
8	176
8	176
7	176
8	176
7	176
7	176
7	176
8	176
8	176
7	176
8	176
8	176
7	176
7	176
7	176
7	176
8	176
7	176
7	176
7	176
7	176
7	177
7	177
7	177
7	177
7	177
7	177
7	177
7	177
7	177
8	177
8	177
8	177
8	177
8	177
8	177
8	177
8	177
8	178
8	178
8	178
8	178
8	178
8	178
8	178
8	178
8	178
8	178
8	178
8	178
8	178
8	178
8	178
8	178
8	178
8	178
8	178
8	178
8	178
8	178
8	178
8	178
8	178
8	178
8	179
8	179
8	179
8	179
8	179
8	179
8	179
8	179
8	179
8	179
8	179
8	179
8	179
MPU6050 status: 2
MPU6050 status: 2
MPU6050 status: 0
Calculating offsets, do not move Cha Cha
Done Gyro Calibration
187	0
187	0
189	0
189	0
188	0
188	0
189	0
188	0
189	0
188	0
189	0
190	0
190	0
188	0
190	0
190	0
189	0
189	0
190	0
189	0
100	0
187	0
100	0
189	0
188	0
187	0
188	0
187	0
187	0
188	0
190	0
189	0
189	0
188	0
187	0
187	0
102	0
101	0
102	0
102	0
100	0
102	0
189	0
101	0
187	0
100	0
189	0
102	0
102	0
102	0
102	0
31	0
